0 5.0
1 170.7494512051344
2 36.11192308366299
3 18.19278086721897
4 62.52492831647396
5 43.76015508174896
6 8.33520421385765
7 14.91297598183155
8 154.53609293699265
9 6.850533753633499
10 44.34648197889328
11 223.05974346399307
12 159.72835583984852
13 85.26432172954082
14 85.22100296616554
15 101.64090192317963
16 42.18863168358803
17 128.95703223347664
18 36.921399623155594
19 62.197814881801605
20 116.1294963657856
21 11.467745572328568
22 13.864003330469131
23 5.0
24 145.51311227679253
25 75.01489698886871
26 20.84264624118805
27 9.193862617015839
28 96.93405020236969
29 131.63788080215454
30 94.77371779084206
31 130.82872048020363
32 8.235097527503967
33 7.5173709988594055
34 319.437467738986
35 12.802430585026741
36 17.155438870191574
37 1.9788155257701874
38 80.8382029235363
39 91.11427637934685
40 196.87708434462547
41 5.797526732087135
42 38.462394803762436
43 249.62282636761665
44 13.662056684494019
45 86.56841108202934
46 212.14537119865417
47 30.10313794016838
48 13.137712389230728
49 24.86215214431286
50 21.729856237769127
51 180.16772973537445
52 139.90844412148
53 13.350281685590744
54 32.04650402069092
55 26.090737342834473
56 13.24243238568306
57 33.75249060988426
58 90.62915477156639
59 261.1426295340061
60 38.3964319229126
61 292.3817439675331
62 122.97342300415039
63 52.364832162857056
64 154.2353644669056
65 79.75827553868294
66 6.122492879629135
67 39.02634173631668
68 6.677948027849197
69 147.9121041893959
70 17.517278254032135
71 109.32047040760517
72 23.723306715488434
73 17.161145597696304
74 42.56768599152565
75 10.10429085791111
76 6.30912247300148
77 98.01841101050377
78 186.84258069097996
79 379.05675008893013
80 18.136829674243927
81 48.155080646276474
82 30.1011443734169
83 372.7018319815397
84 55.667384684085846
85 10.831996724009514
86 162.48293954133987
87 94.90938872098923
88 49.2080397605896
89 170.03669291734695
90 139.93718838691711
91 265.14981585741043
92 15.504694551229477
93 273.09961596131325
94 6.206045389175415
95 7.862050458788872
96 48.72248783707619
97 29.06867802143097
98 156.26576885581017
99 3.27003675699234
100 84.28670319914818
101 6.116291165351868
102 72.5246444940567
103 28.757511138916016
104 156.31830725073814
105 113.01427337527275
106 5.728464365005493
107 41.71134406328201
108 6.302479177713394
109 34.71847915649414
110 65.40024131536484
111 111.20046472549438
112 76.71016910672188
113 95.87244653701782
114 269.01285272836685
115 177.91252756118774
116 63.85633009672165
117 21.083771273493767
118 26.710930585861206
119 59.031547755002975
120 8.233234643936157
121 39.27076002955437
122 70.7924421876669
123 17.199664071202278
124 80.64620766043663
125 149.0797847956419
126 12.607000038027763
127 103.1551264077425
128 67.28186547756195
129 11.105663686990738
130 14.981012910604477
131 20.31002590060234
132 84.90268102288246
133 582.2073795497417
134 29.000866055488586
135 117.85624879598618
136 8.813147366046906
137 51.998474419116974
138 419.41918328404427
139 6.881441831588745
140 46.93680101633072
141 23.008662194013596
142 21.809612691402435
143 21.75975765287876
144 56.41474857926369
145 11.792529970407486
146 329.9961290359497
147 313.97746017575264
148 42.55062398314476
149 7.009816139936447
150 128.65029150247574
151 124.16685050725937
152 32.32205730676651
153 575.4662061929703
154 85.78272396326065
155 57.98513898253441
156 11.4982770383358
157 158.1552931368351
158 90.94328355789185
159 161.2851374745369
160 96.97461304068565
161 10.831966176629066
162 122.62507170438766
163 54.46741718053818
164 151.74670861661434
165 6.0015037059783936
166 67.3191342651844
167 151.95148235559464
168 49.42442438006401
169 31.940108343958855
170 19.034501880407333
171 6.062987923622131
172 58.383890599012375
173 65.15674450993538
174 37.14015266299248
175 231.87699404358864
176 164.57038378715515
177 86.05617555975914
178 188.88265742361546
179 17.619655907154083
180 11.587069779634476
181 19.15069803595543
182 5.0
183 145.01010942459106
184 233.81641256809235
185 129.9203388094902
186 35.73616001009941
187 113.37390810251236
188 69.15474104881287
189 5.789952516555786
190 78.98650941252708
191 84.30799987912178
192 17.140029281377792
193 28.834494829177856
194 153.34086042642593
195 50.04206305742264
196 74.30974301695824
197 108.00493641197681
198 8.27150347828865
199 29.75587832927704
200 40.40759088099003
201 63.34638683497906
202 8.241453856229782
203 97.60629922151566
204 47.756612449884415
205 82.17265085875988
206 103.95116667449474
207 31.142906293272972
208 101.8289298415184
209 463.93255388736725
210 263.3258399218321
211 32.25102299451828
212 287.93007507920265
213 51.71213349699974
214 1.0450994968414307
215 39.01974308490753
216 13.706503599882126
217 305.457313477993
218 66.10737150907516
219 46.08663512766361
220 56.22355255484581
221 87.52661557495594
222 7.779851615428925
223 70.4514528810978
224 98.40380419790745
225 48.36372022330761
226 18.295525938272476
227 106.02579712867737
228 127.65523444116116
229 81.7069448530674
230 47.47149722278118
231 57.32770110666752
232 6.959170967340469
233 81.46905601024628
234 515.7425614595413
235 5.947027504444122
236 78.82819168269634
237 123.78067818284035
238 35.89682474732399
239 195.33463820815086
240 169.0788575708866
241 30.051620200276375
242 147.8832155317068
243 32.890201672911644
244 74.73308746516705
245 71.0861998051405
246 37.942008808255196
247 58.37451007962227
248 99.05774691700935
249 11.233442038297653
250 20.022524058818817
251 95.24921903014183
252 211.10574615001678
253 10.62389251589775
254 6.682467132806778
255 34.121932953596115
256 42.132455348968506
257 421.6411782056093
258 142.01012015342712
259 7.668775483965874
260 41.158413261175156
261 187.51323573291302
262 145.00653319060802
263 42.907480746507645
264 81.64751255512238
265 159.29316845536232
266 18.026982694864273
267 74.7733486443758
268 105.11013785004616
269 105.50134435296059
270 67.09109377861023
271 672.6514596045017
272 356.74628207087517
273 6.015959858894348
274 47.78734824061394
275 65.88306152820587
276 31.25235041975975
277 19.37436044216156
278 61.483782321214676
279 138.9154300391674
280 11.016291707754135
281 157.56863176822662
282 101.23143589496613
283 204.5805738568306
284 83.04764387011528
285 79.94309467077255
286 25.206323564052582
287 42.52484440803528
288 122.3918014317751
289 11.063904494047165
290 272.9553148448467
291 7.844542607665062
292 95.03632804751396
293 122.93647637963295
294 36.380048990249634
295 48.91604574024677
296 16.995603442192078
297 296.54761812090874
298 6.740776538848877
299 62.40434068441391
300 14.124233230948448
301 177.35318171977997
302 159.47733180224895
303 30.171918094158173
304 644.5934290885925
305 114.6868397295475
306 76.47362437844276
307 18.760009616613388
308 30.912025153636932
309 5.0
310 53.35124331712723
311 6.9409046322107315
312 23.02310761809349
313 67.49199169874191
314 144.22350072860718
315 41.72407577931881
316 6.2104551792144775
317 15.528238743543625
318 301.74727730453014
319 130.26723700761795
320 12.728870779275894
321 129.00538408756256
322 56.20827713608742
323 6.102635741233826
324 20.63918486237526
325 106.50131116807461
326 62.02101919054985
327 127.36396147310734
328 362.16910395026207
329 81.07231268286705
330 22.292507648468018
331 94.81029346585274
332 89.19823542237282
333 36.767918169498444
334 143.81885582208633
335 83.09656009078026
336 9.55317659676075
337 102.49015030264854
338 5.777322053909302
339 80.00707650184631
340 6.254911661148071
341 8.973953321576118
342 26.566920027136803
343 9.366303503513336
344 99.53828275203705
345 11.44809877872467
346 5.0
347 213.36520743370056
348 229.12669253349304
349 113.29190754890442
350 28.33356410264969
351 110.3201605528593
352 169.5469832122326
353 130.24462339282036
354 129.10991403460503
355 12.248169630765915
356 278.2926671952009
357 52.51458954811096
358 30.573513224720955
359 29.579061180353165
360 48.91844454407692
361 20.18988126516342
362 184.75861421227455
363 62.92900913953781
364 69.39079520106316
365 7.25077897310257
366 102.12821708619595
367 244.91394719481468
368 114.50447249412537
369 351.1430163383484
370 118.10032016038895
371 9.675665199756622
372 35.1816329061985
373 432.3696588873863
374 270.28959584236145
375 153.1520484983921
376 114.07642801105976
377 160.97676421701908
378 33.244311928749084
379 23.255872189998627
380 127.90466755628586
381 118.78260019421577
382 7.639012038707733
383 133.97850872576237
384 398.77622386813164
385 115.83744710683823
386 129.60742436349392
387 94.84943422675133
388 127.46141135692596
389 146.40563859045506
390 163.19383823871613
391 381.4587456882
392 508.49755135178566
393 214.71836286783218
394 37.037078469991684
395 165.68797709047794
396 47.09545248746872
397 5.886484444141388
398 140.51259168982506
399 275.4896647930145
400 79.11676421761513
401 87.53914605081081
402 12.080840736627579
403 193.15953251719475
404 113.77617061138153
405 27.60370647907257
406 374.1269891113043
407 457.05960032343864
408 46.10918840765953
409 291.5541314482689
410 150.9384590089321
411 22.57655918598175
412 87.32726013660431
413 118.03254121541977
414 29.918772995471954
415 14.303800374269485
416 42.983278557658195
417 55.70613270998001
418 98.26533626019955
419 8.474668428301811
420 18.218605667352676
421 342.9672775566578
422 8.66302666068077
423 172.17826314270496
424 44.29403032362461
425 6.159669667482376
426 17.55705550312996
427 36.507843032479286
428 20.244984105229378
429 8.280960083007812
430 110.01878580451012
431 370.40603499114513
432 11.324555397033691
433 22.791242569684982
434 107.31750416755676
435 54.07712358236313
436 50.65575568377972
437 12.92967477440834
438 50.77087405323982
439 60.927626460790634
440 89.47578863799572
441 79.00605192780495
442 38.9373070448637
443 468.5884372293949
444 7.831006273627281
445 29.507014632225037
446 144.6357160806656
447 167.35833045840263
448 83.59925542771816
449 13.430425852537155
450 8.843274176120758
451 61.168369859457016
452 108.82057464122772
453 61.54095123708248
454 161.1284952312708
455 82.84106196463108
456 71.20643970370293
457 23.699383556842804
458 89.83123096823692
459 14.789527162909508
460 413.28524838387966
461 48.965917602181435
462 159.2433262169361
463 78.7231775522232
464 372.53487046062946
465 6.433983892202377
466 62.708036214113235
467 78.87437185645103
468 9.195830971002579
469 252.78577065467834
470 225.52215945720673
471 6.3819549679756165
472 16.87744653224945
473 6.9362312108278275
474 441.87330052256584
475 89.84509560465813
476 75.10091432929039
477 311.58156579732895
478 33.46224382519722
479 555.6346163153648
480 115.24361380934715
481 136.95006257295609
482 8.259532272815704
483 19.709362372756004
484 6.293236821889877
485 291.9249152839184
486 8.566337749361992
487 480.6014795601368
488 235.2470723092556
489 232.36561006307602
490 125.61303251981735
491 11.232403457164764
492 139.00530496239662
493 6.3423120975494385
494 28.803933024406433
495 64.96244832873344
496 418.5496393889189
497 154.93169869482517
498 390.6359315812588
499 78.42449790239334
500 45.49023646116257
501 46.437678188085556
502 183.37372089922428
503 6.160517692565918
504 99.99600324034691
505 261.38354751467705
506 406.8982725739479
507 115.28934934735298
508 45.31289127469063
509 5.689245522022247
510 194.90613140165806
511 5.0
512 560.5717526823282
513 50.408004716038704
514 347.76752687990665
515 99.82800769805908
516 8.71390676498413
517 288.1127324104309
518 7.124474912881851
519 123.40743345022202
520 206.85055024921894
521 112.22698150575161
522 102.86329619586468
523 219.53640401363373
524 136.26313289999962
525 144.35359080135822
526 19.835082978010178
527 250.43783006072044
528 11.586859241127968
529 86.44545978307724
530 8.754682213068008
531 7.630982041358948
532 61.81953924894333
533 11.380468428134918
534 21.09254065155983
535 116.93594095110893
536 63.55958604812622
537 44.03923714160919
538 21.248470455408096
539 393.5831995010376
540 89.70450982451439
541 8.393997609615326
542 131.9822776913643
543 52.98615247011185
544 148.16991916298866
545 5.750586628913879
546 52.20387154817581
547 484.1079578101635
548 71.16116701066494
549 11.371251836419106
550 341.3029513657093
551 32.89708676934242
552 51.254394829273224
553 43.391951501369476
554 14.114802673459053
555 74.02916625142097
556 96.23169986903667
557 107.9176387488842
558 433.8241795748472
559 33.29109042882919
560 56.68080775439739
561 68.51791909337044
562 18.16762688755989
563 80.04414939880371
564 451.90653640031815
565 425.46823051571846
566 108.08083155751228
567 25.866786062717438
568 69.63539466261864
569 5.833333373069763
570 6.562743991613388
571 72.81765896081924
572 239.03544428944588
573 130.21659122407436
574 199.152786642313
575 120.0366352647543
576 329.8394055366516
577 100.27305692434311
578 55.63096481561661
579 83.2139179110527
580 40.122115552425385
581 109.97645291686058
582 259.68746265769005
583 253.6623588502407
584 155.26025119423866
585 330.34151315689087
586 146.72288869321346
587 31.82013574242592
588 285.7806775569916
589 19.657788515090942
590 111.9570333212614
591 71.61121487617493
592 270.6485811024904
593 384.9918889850378
594 72.03909182548523
595 54.45148655772209
596 311.4237616211176
597 121.92094731330872
598 17.57759976387024
599 282.37553058564663
600 1.351474642753601
601 6.0690449476242065
602 7.688823878765106
603 89.52904862165451
604 98.12750163674355
605 18.787778198719025
606 281.4691358655691
607 657.3873852491379
608 140.8027808368206
609 120.25022429227829
610 118.68461582064629
611 133.25076925754547
612 287.45028695464134
613 111.56848873198032
614 345.09391708672047
615 61.22233983874321
616 223.3611323684454
617 276.13176016509533
618 105.42938748002052
619 533.7875747978687
620 210.61609037220478
621 260.5388778299093
622 107.36262825131416
623 59.544062942266464
624 55.38981583714485
625 139.0152603983879
626 110.11638870835304
627 87.97437915205956
628 6.482498645782471
629 265.66247630119324
630 47.573919132351875
631 89.65026250481606
632 494.4659562110901
633 37.50752505660057
634 132.38919046521187
635 7.232364535331726
636 55.002297073602676
637 323.68529680371284
638 212.91509419679642
639 35.3897950053215
640 7.160355672240257
641 406.67475655674934
642 632.7808025479317
643 152.50516253709793
644 216.58712655305862
645 342.038347363472
646 162.96536242961884
647 301.7837633341551
648 97.40150511264801
649 6.791820004582405
650 28.83757185935974
651 443.1418193280697
652 377.64744161069393
653 179.39179074764252
654 55.754729866981506
655 20.802526742219925
656 6.431810796260834
657 207.82003119587898
658 63.81385390460491
659 6.415899828076363
660 624.9779923856258
661 39.38202700018883
662 9.150697231292725
663 237.86532059311867
664 485.0133398473263
665 26.47315026819706
666 293.9912216067314
667 229.88631683588028
668 11.168953597545624
669 54.98438718914986
670 853.2566242665052
671 79.65554641187191
672 553.3762194216251
673 702.1357572972775
674 364.16867323219776
675 53.41732741892338
676 95.01340001821518
677 108.1168572306633
678 124.354557543993
679 20.993944972753525
680 208.9088499993086
681 103.66891191899776
682 113.10329392552376
683 259.0539730489254
684 42.460722118616104
685 233.12001782655716
686 626.0849761366844
687 145.89288640022278
688 218.20694142580032
689 138.79795306921005
690 110.89261376857758
691 55.70887444913387
692 232.00237640738487
693 99.36976723372936
694 8.633851200342178
695 401.76748129725456
696 300.8514840602875
697 8.696286022663116
698 808.3578450977802
699 332.3951055854559
700 112.80688700079918
701 883.5041065812111
702 466.6738060563803
703 664.0116710066795
704 66.5370602607727
705 69.40923450887203
706 49.17061513662338
707 6.095993280410767
708 8.40997725725174
709 650.108287602663
710 438.0843639969826
711 131.87107360363007
712 750.0361810326576
713 57.26524347066879
714 451.2758375406265
715 23.93299514055252
716 166.4838229715824
717 50.65893465280533
718 6.971225753426552
719 147.82563658058643
720 13.85144817829132
721 16.432127207517624
722 491.4843040704727
723 28.446781411767006
724 29.841882407665253
725 71.34861382842064
726 260.73042491078377
727 7.462385714054108
728 37.426644533872604
729 741.7261384576559
730 99.31472891569138
731 91.10230647027493
732 179.22136828303337
733 439.8710301667452
734 354.0028288513422
735 21.060931622982025
736 120.17596340179443
737 215.97848424315453
738 38.44493889808655
739 10.620148807764053
740 258.26616138219833
741 671.7970542907715
742 760.7516395002604
743 32.73406368494034
744 96.79565651714802
745 1987.1891784667969
746 292.5300646722317
747 36.80561621487141
748 48.15486642718315
749 22.301796570420265
750 49.230530738830566
751 19.087947875261307
752 59.45282320678234
753 298.87859885394573
754 26.84511536359787
755 302.0131827890873
756 6.756623610854149
757 60.28033956885338
758 89.99649971723557
759 140.52783203125
760 42.33141152560711
761 160.27501356601715
762 951.9799959361553
763 37.6873816549778
764 72.34023828804493
765 425.3108106702566
766 298.74101608991623
767 49.25207528471947
768 210.33765202760696
769 57.29057161509991
770 6.168412446975708
771 330.5677150785923
772 389.8044627904892
773 6.1930999755859375
774 35.179872676730156
775 42.45892557501793
776 431.2313821017742
777 36.563872918486595
778 192.2204475402832
779 851.6626633405685
780 303.1638934016228
781 383.228191152215
782 17.948878675699234
783 827.7199211865664
784 100.80336925387383
785 157.82136783003807
786 105.63511355221272
787 203.5315045416355
788 68.16355234384537
789 83.55515429377556
790 430.4972710907459
791 722.5784270167351
792 12.596711695194244
793 856.2946919649839
794 139.22192806005478
795 541.3387014567852
796 47.65151795744896
797 225.66564974188805
798 95.879619628191
799 161.22146260738373
800 107.32619725167751
801 119.87205839157104
802 409.65639650821686
803 618.259310990572
804 9.614027500152588
805 525.547944098711
806 247.2644685804844
807 34.32117974758148
808 337.99432495236397
809 58.311847388744354
810 5.696310639381409
811 209.70291776955128
812 266.6247693300247
813 17.966989502310753
814 40.79927310347557
815 50.324031978845596
816 382.5077935755253
817 83.51840150356293
818 51.63291046023369
819 420.26967369019985
820 919.2825912237167
821 1280.5011032521725
822 723.3798990249634
823 20.756743848323822
824 141.0463211685419
825 354.2743709385395
826 412.8144289255142
827 823.1122850030661
828 152.21156549453735
829 598.7871045768261
830 193.03432042896748
831 380.45711997151375
832 72.99910047650337
833 622.3316070139408
834 489.687712341547
835 843.3556169569492
836 111.93041533231735
837 35.70841667056084
838 370.5235169529915
839 35.07480952143669
840 220.6202153712511
841 125.28494343161583
842 86.40027624368668
843 620.622755497694
844 284.26534363627434
845 86.70275577902794
846 97.58619180321693
847 217.14937576651573
848 137.22360487282276
849 143.0253152102232
850 229.7368884384632
851 54.19000327587128
852 98.06313721835613
853 734.9972843229771
854 12.487605690956116
855 199.39198492467403
856 699.8904973268509
857 451.52759566903114
858 97.90281808376312
859 90.40743654966354
860 92.85434085130692
861 926.4928361475468
862 564.391317486763
863 137.29738089442253
864 235.6618310213089
865 555.720167785883
866 19.23794612288475
867 190.9565728455782
868 186.78941702842712
869 427.21154510974884
870 25.35234533250332
871 674.9820564687252
872 33.931638449430466
873 64.40170136094093
874 9.333289414644241
875 57.202596604824066
876 588.9372516274452
877 12.992538720369339
878 11.713970825076103
879 43.1386961042881
880 35.86694601178169
881 574.2265386581421
882 132.0842958688736
883 76.16009533405304
884 81.53477159142494
885 63.735583424568176
886 519.5759611129761
887 394.43720139563084
888 92.47357296943665
889 426.76739659905434
890 598.5299755930901
891 78.03822073340416
892 169.36257115006447
893 1332.2781546711922
894 1015.5517511069775
895 214.30692556500435
896 12.431087613105774
897 8.226438820362091
898 138.92970575392246
899 69.94797065854073
900 375.99424889683723
901 437.33361065387726
902 98.51572692394257
903 538.8885013014078
904 5.83954519033432
905 423.3283375799656
906 315.44631822407246
907 10.678622037172318
908 443.6146249771118
909 809.9881083369255
910 17.71725642681122
911 56.28794269263744
912 209.99793496727943
913 797.5908721983433
914 813.3050195127726
915 36.88753217458725
916 252.5380923897028
917 13.843520015478134
918 85.63767969608307
919 46.50074228644371
920 87.02362078428268
921 1176.5050444602966
922 8.231109976768494
923 30.19385588169098
924 234.96712851524353
925 22.401395618915558
926 147.20871348679066
927 27.301189988851547
928 22.08764174580574
929 60.82739286124706
930 6.594534367322922
931 201.36289283633232
932 56.97760272026062
933 11.399503707885742
934 25.59350872039795
935 45.12006285786629
936 590.7169544994831
937 46.456436812877655
938 200.43241930007935
939 5.987729549407959
940 464.37602511048317
941 9.31193670630455
942 5.80713427066803
943 512.0296933054924
944 463.40743628144264
945 686.5463052093983
946 525.4270755052567
947 203.49673429131508
948 103.41683904826641
949 862.8274222314358
950 441.96309715509415
951 273.5226201713085
952 607.0717994570732
953 6.081083953380585
954 95.72877432405949
955 339.86326164007187
956 504.49333530664444
957 457.31861156225204
958 322.0614693313837
959 676.5397227555513
960 577.7352076172829
961 993.5851976573467
962 9.087319552898407
963 9.662113904953003
964 7.98142409324646
965 5.0
966 104.76309843361378
967 575.2420281767845
968 32.91862732172012
969 572.4633160233498
970 689.2905462384224
971 1101.5198430716991
972 131.41125416755676
973 375.79094311594963
974 338.01707512140274
975 6.655997931957245
976 168.9183393418789
977 5.0
978 498.4056742489338
979 682.8717670440674
980 417.87534764409065
981 13.771537378430367
982 7.27037401497364
983 838.9007743895054
984 587.897057428956
985 685.1549382805824
986 581.7545573115349
987 465.16268818080425
988 511.7568299472332
989 314.08739602565765
990 9.364357471466064
991 614.337172806263
992 467.8683402091265
993 105.51561829447746
994 81.14442464709282
995 399.59459690749645
996 576.1954446136951
997 232.17686292529106
998 8.066076129674911
999 47.60260221362114
1000 1631.6232305169106
1001 362.82469695806503
1002 132.85410924255848
1003 128.0145407617092
1004 460.4925533682108
1005 608.8479461073875
1006 405.35910330712795
1007 803.2447983026505
1008 1155.259445220232
1009 69.89715367555618
1010 305.4842753857374
1011 478.2109872996807
1012 154.24083605408669
1013 749.1696608662605
1014 177.14213685691357
1015 344.6685620844364
1016 499.7867769449949
1017 897.5968837141991
1018 122.45603631436825
1019 859.7615354657173
1020 149.36971867084503
1021 7.279211521148682
1022 647.5730922520161
1023 109.4813357591629
1024 1205.2860785722733
1025 192.27390649914742
1026 383.25472351908684
1027 8.61432683467865
1028 12.454242661595345
1029 832.2361180484295
1030 629.1250191926956
1031 464.0357774198055
1032 944.4813558757305
1033 54.479785323143005
1034 210.40385857224464
1035 433.84238973259926
1036 1582.0166567265987
1037 594.3700244128704
1038 337.403284445405
1039 7.498280495405197
1040 216.56487533450127
1041 234.58807829022408
1042 5.989950522780418
1043 4.4934104681015015
1044 724.2593894600868
1045 228.02030403912067
1046 471.8540895283222
1047 399.86267679929733
1048 841.0937421619892
1049 416.05423602461815
1050 267.1674759685993
1051 6.402736216783524
1052 101.82757607102394
1053 277.8692846298218
1054 304.53212663531303
1055 116.84537795186043
1056 701.8875178992748
1057 214.60333201289177
1058 1077.8284776955843
1059 106.2304462492466
1060 57.03231585025787
1061 581.753321647644
1062 1736.47526165843
1063 346.9231127053499
1064 101.9608823210001
1065 55.672778844833374
1066 25.931946367025375
1067 1496.1142689585686
1068 422.03218825161457
1069 67.63281831145287
1070 223.2449216246605
1071 888.3750860393047
1072 139.2342446744442
1073 81.7621178328991
1074 852.8912429213524
1075 1305.4081233888865
1076 426.7907292544842
1077 247.7596649825573
1078 443.58048598468304
1079 412.85741850733757
1080 101.76662658154964
1081 414.31416779756546
1082 6.79938517510891
1083 619.9754984378815
1084 702.6391535401344
1085 754.766560792923
1086 652.8296632170677
1087 445.7264543771744
1088 145.9697618931532
1089 54.07665753364563
1090 513.0668171346188
1091 5.991317465901375
1092 57.93954771757126
1093 747.3752176761627
1094 905.2509205341339
1095 5.0
1096 44.93243205547333
1097 720.606310158968
1098 12.447404578328133
1099 634.1352120041847
1100 31.526272147893906
1101 56.20903414487839
1102 1292.309540078044
1103 601.8409743309021
1104 447.8648387491703
1105 389.2502098530531
1106 352.92259842157364
1107 329.2485102713108
1108 16.182449728250504
1109 16.16844354569912
1110 334.0705390572548
1111 1168.1527532041073
1112 266.424553796649
1113 1503.2862757742405
1114 452.79954290390015
1115 684.711050182581
1116 1371.7823015451431
1117 45.50241336226463
1118 757.3444950580597
1119 1251.9088234305382
1120 35.322332352399826
1121 786.1274936795235
1122 1786.0272568762302
1123 16.60994666814804
1124 64.22563189268112
1125 401.85352274775505
1126 143.31557017564774
1127 1177.0255809426308
1128 715.1079901754856
1129 17.30633196234703
1130 415.2006846666336
1131 25.540592819452286
1132 482.6483872830868
1133 401.2245315313339
1134 263.3503234386444
1135 1154.0508008748293
1136 6.034175395965576
1137 1566.249698460102
1138 483.59997230768204
1139 328.1549996435642
1140 476.23037952184677
1141 29.192348465323448
1142 6.288313269615173
1143 1989.437536329031
1144 64.33505660295486
1145 1200.7507030665874
1146 453.6199175417423
1147 49.948272839188576
1148 318.68048979341984
1149 402.205423951149
1150 135.38345064222813
1151 42.40726114809513
1152 139.62045481801033
1153 607.4512734115124
1154 217.586079120636
1155 205.99502256512642
1156 90.81219765543938
1157 107.43020811676979
1158 488.41488091647625
1159 699.1057516038418
1160 159.19873969256878
1161 138.76852253079414
1162 670.7153580784798
1163 40.00004065036774
1164 10.478103160858154
1165 1817.7130821049213
1166 894.2009094953537
1167 174.37027291953564
1168 6.238764256238937
1169 50.270167887210846
1170 44.751934230327606
1171 193.2276636660099
1172 179.3848361968994
1173 263.8754914402962
1174 214.45405215024948
1175 208.15365809202194
1176 64.80299761891365
1177 321.8636005818844
1178 1461.9684402644634
1179 809.1420322358608
1180 336.64236073195934
1181 101.11661751568317
1182 247.99820053577423
1183 165.47990740835667
1184 1035.895612001419
1185 5.0
1186 99.50221526622772
1187 133.33678571879864
1188 500.2089786231518
1189 323.8133237063885
1190 552.8052164018154
1191 279.01538744568825
1192 664.6214064359665
1193 317.32568787038326
1194 246.67484322190285
1195 783.5316845923662
1196 1336.294205725193
1197 641.128189727664
1198 1275.2468607723713
1199 471.8051530122757
1200 1363.953638702631
1201 391.1996855288744
1202 770.476282209158
1203 1645.7751640081406
1204 374.08613692224026
1205 7.9076526165008545
1206 639.4518178105354
1207 194.81153863668442
1208 546.0236892700195
1209 629.4039351344109
1210 198.8425591737032
1211 153.35709941387177
1212 188.31920617818832
1213 216.32269823551178
1214 35.67316995561123
1215 461.42273327708244
1216 1376.1664417088032
1217 46.0006063580513
1218 96.6448672413826
1219 22.03606504201889
1220 217.66257092356682
1221 251.59985134005547
1222 57.44691024720669
1223 1044.876297235489
1224 45.563772946596146
1225 5.799999952316284
1226 243.81235259771347
1227 913.4934505820274
1228 153.04810373485088
1229 1235.0962916910648
1230 7.382791697978973
1231 775.3358644843102
1232 127.0895870923996
1233 6.857535272836685
1234 32.65120550990105
1235 36.93405640125275
1236 72.83027125895023
1237 261.4551781564951
1238 76.31349083781242
1239 228.39374029636383
1240 395.6246584504843
1241 2426.3396632671356
1242 489.8503201454878
1243 576.6371585726738
1244 884.7379171848297
1245 9.138122707605362
1246 45.75366351008415
1247 7.56419250369072
1248 81.27304834127426
1249 318.9149428009987
1250 6.856953382492065
1251 1309.018324971199
1252 795.4193978011608
1253 805.4790026247501
1254 1398.267628133297
1255 127.15081316232681
1256 301.80557855963707
1257 786.0421469807625
1258 331.3273716419935
1259 6.275153398513794
1260 210.0310519337654
1261 41.45151764154434
1262 449.87015610933304
1263 707.0754164755344
1264 308.9274185150862
1265 167.91120222210884
1266 175.82343071699142
1267 108.68495993316174
1268 10.064860463142395
1269 959.5810683965683
1270 7.799734488129616
1271 461.80083870887756
1272 662.6915876567364
1273 1293.4618456959724
1274 509.98972272872925
1275 201.74240820109844
1276 418.41527631878853
1277 331.6468164920807
1278 485.47543835639954
1279 14.547465294599533
1280 599.5786261558533
1281 6.0878565311431885
1282 122.22252497076988
1283 287.03069004416466
1284 312.4096427410841
1285 133.6293926537037
1286 1687.2321852445602
1287 5.0
1288 167.48417238891125
1289 286.385751247406
1290 601.8306432813406
1291 376.32549299299717
1292 1037.4957082867622
1293 581.2082794457674
1294 466.1977842897177
1295 12.668692469596863
1296 18.596111595630646
1297 591.359260559082
1298 655.8818794190884
1299 149.83630566298962
1300 425.2064535468817
1301 1575.4890725314617
1302 173.03044115006924
1303 298.23964059352875
1304 645.1893375217915
1305 5.670401513576508
1306 110.17490839958191
1307 7.286606058478355
1308 5.0
1309 498.07383404672146
1310 140.64982521533966
1311 358.9855615347624
1312 110.99688467383385
1313 920.5008459091187
1314 305.5306125730276
1315 452.635518938303
1316 15.035127639770508
1317 1385.693091392517
1318 703.7636739611626
1319 446.71415579319
1320 1533.332627505064
1321 140.29973337054253
1322 148.1079574227333
1323 10.464501515030861
1324 422.0492397993803
1325 340.1933883577585
1326 866.4694204628468
1327 451.7579279989004
1328 10.150431126356125
1329 631.6635681241751
1330 615.5792522132397
1331 1681.4124399125576
1332 430.21083776652813
1333 357.90443152189255
1334 19.508201628923416
1335 225.01698595285416
1336 159.03178122639656
1337 244.97166019678116
1338 1706.9331033825874
1339 1155.5898599028587
1340 7.4592978954315186
1341 1220.589369982481
1342 997.1997187435627
1343 1137.6476618349552
1344 383.0088372528553
1345 46.61348517239094
1346 378.6920791864395
1347 283.0466131269932
1348 275.7241578698158
1349 349.9424018263817
1350 357.72701969742775
1351 537.1744795739651
1352 751.6744714379311
1353 1307.8258583247662
1354 6.235999792814255
1355 380.9024046510458
1356 5.660338178277016
1357 382.2229600995779
1358 425.25494104623795
1359 331.4301587045193
1360 116.2928124666214
1361 1205.0905831158161
1362 45.32309964299202
1363 483.28340795636177
1364 103.39988568425179
1365 569.9415504932404
1366 357.3423381000757
1367 5.71611487865448
1368 266.4038464576006
1369 1608.5883357226849
1370 2084.7284048497677
1371 1230.722226291895
1372 1180.4046829938889
1373 40.47174192965031
1374 434.5034246593714
1375 108.627266228199
1376 1001.1813874542713
1377 33.84577855467796
1378 1104.949854016304
1379 957.6067488193512
1380 112.76441629230976
1381 152.49077114462852
1382 54.735798969864845
1383 59.665079578757286
1384 409.5731038302183
1385 161.85847055912018
1386 784.9886496961117
1387 841.34857660532
1388 1073.6074440777302
1389 6.747408032417297
1390 169.87700252234936
1391 9.620481863617897
1392 110.10141442716122
1393 40.7393781542778
1394 11.786493077874184
1395 87.45658195018768
1396 1391.0781065821648
1397 78.65728747844696
1398 574.0088610202074
1399 478.8890569806099
1400 99.15599402785301
1401 345.1995383799076
1402 518.5166916549206
1403 202.31666339933872
1404 801.3677124977112
1405 43.33606868982315
1406 1487.2044565230608
1407 34.6349181830883
1408 183.5140327066183
1409 881.1319384872913
1410 1485.9208197295666
1411 482.45598140358925
1412 441.22357718646526
1413 5.782660484313965
1414 62.43415153026581
1415 83.236267760396
1416 494.39435386657715
1417 7.374943196773529
1418 143.46183216571808
1419 7.105829685926437
1420 475.2875450849533
1421 444.47591930627823
1422 325.0389405786991
1423 102.28261499106884
1424 125.46964925527573
1425 2198.093355745077
1426 723.9512126147747
1427 329.2555133700371
1428 485.14871737360954
1429 360.595408603549
1430 530.1543164849281
1431 59.86212641000748
1432 7.021643221378326
1433 2003.5910282731056
1434 567.1381083726883
1435 55.84008687734604
1436 6.230319395661354
1437 5.992013439536095
1438 356.69078677892685
1439 1001.3257708102465
1440 478.3557187616825
1441 489.09201012551785
1442 270.8328987956047
1443 82.60056956112385
1444 9.762020364403725
1445 123.4890403598547
1446 169.78776717185974
1447 341.5256758034229
1448 1352.778748959303
1449 54.143147736787796
1450 614.8311750590801
1451 404.44083738327026
1452 405.4810265004635
1453 251.7765991985798
1454 1068.8989270329475
1455 1167.3599371016026
1456 1031.531739205122
1457 6.8486243933439255
1458 952.0026587545872
1459 21.37412253022194
1460 20.476782739162445
1461 625.8508775383234
1462 19.12335792183876
1463 44.586149260401726
1464 397.0993594676256
1465 1015.6015281379223
1466 627.7109283804893
1467 166.95454429090023
1468 7.309400796890259
1469 14.976018130779266
1470 232.29627546668053
1471 8.224699795246124
1472 889.8100830763578
1473 66.75375099480152
1474 7.912734225392342
1475 597.2794197499752
1476 487.15741416811943
1477 240.70467460155487
1478 5.935548812150955
1479 5.595726042985916
1480 1190.4162767231464
1481 410.3688502907753
1482 7.43462447822094
1483 329.42695185542107
1484 288.82634595036507
1485 101.82614482939243
1486 163.1689157485962
1487 49.350913003087044
1488 544.4649333059788
1489 12.831234574317932
1490 737.9277913570404
1491 158.19906961917877
1492 114.70338827371597
1493 307.092764377594
1494 15.825177818536758
1495 515.9224821329117
1496 221.1512001901865
1497 350.3321760445833
1498 387.15158247947693
1499 52.112906739115715
1500 115.78952670097351
1501 811.6384949684143
1502 21.572488352656364
1503 148.12735657393932
1504 697.7289273738861
1505 581.7544595301151
1506 905.6608223319054
1507 65.66377429664135
1508 6.23424220085144
1509 22.13855654001236
1510 464.21082976460457
1511 114.14444985985756
1512 537.1320448219776
1513 1420.9865839481354
1514 1310.0213333070278
1515 2428.172676861286
1516 32.88088145852089
1517 56.409569293260574
1518 459.5072072148323
1519 389.46272853016853
1520 5.766401648521423
1521 275.58934658765793
1522 10.161544531583786
1523 1571.4711505174637
1524 1108.1067250967026
1525 60.71326503157616
1526 6.862496837973595
1527 104.71743430197239
1528 6.182624816894531
1529 619.6488789319992
1530 10.011136412620544
1531 20.619078546762466
1532 70.4156092852354
1533 80.8771285712719
1534 701.9273986518383
1535 302.3929551243782
1536 897.4652625322342
1537 10.683782413601875
1538 279.2755762040615
1539 817.1627204716206
1540 493.1374706029892
1541 639.3572606742382
1542 1015.0273398458958
1543 393.5404344499111
1544 635.4722254574299
1545 54.49099084734917
1546 70.38388848304749
1547 78.93040357530117
1548 528.5819788873196
1549 7.540002346038818
1550 1109.3054849803448
1551 116.48460018634796
1552 873.2259201109409
1553 1036.7091607749462
1554 6.833965569734573
1555 102.68805266916752
1556 98.5886978507042
1557 391.03426821529865
1558 464.7111422717571
1559 722.0810768306255
1560 610.1474522650242
1561 1592.4965656995773
1562 103.19135278463364
1563 12.723891347646713
1564 287.1686834692955
1565 1230.8782761096954
1566 352.8899895250797
1567 2014.5691122114658
1568 310.51216842234135
1569 5.969003200531006
1570 1273.9089649915695
1571 266.97786493599415
1572 18.08707967400551
1573 2294.7326963841915
1574 110.61699140071869
1575 431.8788540959358
1576 422.37643533945084
1577 63.17505922913551
1578 73.28147752583027
1579 791.1878642439842
1580 585.3241499960423
1581 46.466138899326324
1582 735.7614216059446
1583 1465.3055037260056
1584 2430.449583351612
1585 6.22627866268158
1586 87.36600489914417
1587 872.6275001168251
1588 27.986126720905304
1589 860.8466835021973
1590 1574.5447207093239
1591 413.78538450598717
1592 44.749510541558266
1593 126.70569524168968
1594 1615.9858111441135
1595 1885.8065792918205
1596 476.29500353336334
1597 7.4684798419475555
1598 65.27194485068321
1599 2150.720729768276
1600 497.2758643478155
1601 410.05038622021675
1602 553.6600052118301
1603 7.087348431348801
1604 225.36649417877197
1605 1095.0414039492607
1606 5.712470471858978
1607 26.053828790783882
1608 126.71296183764935
1609 34.27254870533943
1610 54.02521933615208
1611 127.27284455299377
1612 22.245613172650337
1613 6.053138628602028
1614 94.1377479583025
1615 43.57669910788536
1616 8.685165464878082
1617 76.6368065327406
1618 82.08037102222443
1619 235.5005559772253
1620 34.933516666293144
1621 38.53881819546223
1622 5.854676201939583
1623 22.353430211544037
1624 66.68517369031906
1625 95.5993267595768
1626 250.05375409126282
1627 323.65856598317623
1628 7.859500557184219
1629 82.27688460052013
1630 78.58734865486622
1631 9.854198530316353
1632 33.45153734087944
1633 27.992173701524734
1634 112.3861666470766
1635 11.874611392617226
1636 56.18595065176487
1637 47.18867486715317
1638 121.29733967781067
1639 24.05911511182785
1640 25.51202192902565
1641 38.14821434020996
1642 227.85523782670498
1643 28.909365326166153
1644 20.156186163425446
1645 11.838417038321495
1646 82.65544009208679
1647 15.115619421005249
1648 122.47579081356525
1649 70.68608175218105
1650 52.25993770360947
1651 53.877649903297424
1652 59.00970220565796
1653 11.473771125078201
1654 8.804103344678879
1655 17.520758599042892
1656 60.74599003791809
1657 25.422368675470352
1658 5.724206805229187
1659 54.5973631888628
1660 333.5643755197525
1661 40.87759332358837
1662 18.5241037607193
1663 47.07745599746704
1664 49.94476832449436
1665 28.460827559232712
1666 61.99158510565758
1667 17.425587475299835
1668 345.9753216654062
1669 85.42683470249176
1670 428.9050783365965
1671 103.93291833996773
1672 6.868446618318558
1673 66.70067727565765
1674 56.06615948677063
1675 101.05742707848549
1676 277.92489075660706
1677 5.0
1678 78.01621320843697
1679 5.631508946418762
1680 67.99296823143959
1681 54.50052282214165
1682 379.8130241036415
1683 19.246495574712753
1684 8.049097061157227
1685 108.96361544728279
1686 12.891258552670479
1687 11.489268720149994
1688 58.65459391474724
1689 9.085474371910095
1690 34.00650927424431
1691 61.54257471859455
1692 51.235113710165024
1693 32.28088527917862
1694 132.60609331727028
1695 59.99178597331047
1696 63.822584480047226
1697 76.10117828845978
1698 92.41031229496002
1699 124.59190057218075
1700 213.89646218717098
1701 517.9708675742149
1702 9.013267159461975
1703 5.943858325481415
1704 62.126959294080734
1705 117.8452360033989
1706 21.2584690451622
1707 193.3836451768875
1708 332.3764442652464
1709 16.88061910867691
1710 19.203569754958153
1711 26.847368896007538
1712 388.93080835044384
1713 7.260132551193237
1714 58.200244188308716
1715 247.73443764448166
1716 272.4430996775627
1717 53.372275680303574
1718 150.39235651493073
1719 99.97040206193924
1720 4.470050603151321
1721 5.903507828712463
1722 163.17445653676987
1723 6.6295057237148285
1724 92.48816435039043
1725 506.75562009215355
1726 27.887245178222656
1727 656.0754596889019
1728 17.620269522070885
1729 37.83789151906967
1730 171.36491107940674
1731 441.8449305295944
1732 102.26843276619911
1733 39.39999905228615
1734 98.83604745566845
1735 116.56227964162827
1736 8.63111674785614
1737 17.07618783414364
1738 150.6770185083151
1739 8.732300400733948
1740 15.114392012357712
1741 77.18031445145607
1742 82.30706769227982
1743 87.82387372851372
1744 5.9390785694122314
1745 7.377923145890236
1746 37.53751501441002
1747 209.85254541039467
1748 265.04655238986015
1749 159.76086328923702
1750 155.11028008162975
1751 54.4431284815073
1752 55.33278478682041
1753 104.90829530358315
1754 365.2236412614584
1755 444.00572791695595
1756 68.02117270231247
1757 7.937468618154526
1758 523.4242051541805
1759 72.56787396967411
1760 29.64967691898346
1761 73.3522629737854
1762 426.11875881254673
1763 17.911054879426956
1764 658.475727647543
1765 440.489376783371
1766 525.4644937217236
1767 5.0
1768 85.66954989731312
1769 345.0565220564604
1770 59.57743299007416
1771 7.020305156707764
1772 574.9607473611832
1773 526.1648425757885
1774 559.9824214577675
1775 127.93674339354038
1776 194.75865590572357
1777 6.644897997379303
1778 481.008435934782
1779 221.53161051869392
1780 266.4091798067093
1781 293.2525533437729
1782 188.26974321901798
1783 6.209370672702789
1784 414.22923927009106
1785 22.716280907392502
1786 75.68181294202805
1787 244.87002724409103
1788 111.53947260975838
1789 451.7205842137337
1790 733.068136870861
1791 222.19830052554607
1792 408.37627387046814
1793 729.3421067595482
1794 8.429971933364868
1795 633.8169542551041
1796 17.071103498339653
1797 542.2456654310226
1798 21.735543608665466
1799 1188.1399702429771
1800 295.63570886850357
1801 102.52199903130531
1802 909.7036188840866
1803 739.4832914471626
1804 6.314468026161194
1805 1042.188861221075
1806 944.654121607542
1807 340.3276893943548
1808 283.3131268918514
1809 924.7626635730267
1810 565.6481599807739
1811 64.16831837594509
1812 410.49447153508663
1813 395.53309202194214
1814 143.1946484297514
1815 317.4830556958914
1816 162.15694379806519
1817 5.8998425006866455
1818 156.0615038126707
1819 1240.3367982208729
1820 1074.0156678259373
1821 96.4584341943264
1822 307.52689614892006
1823 218.08825480937958
1824 152.24965415894985
1825 333.54897105693817
1826 27.84779641032219
1827 34.04715231060982
1828 435.95556035637856
1829 478.33980467915535
1830 5.801926910877228
1831 87.70843480527401
1832 530.2807940542698
1833 495.15287770330906
1834 348.33070212602615
1835 598.5535195022821
1836 560.737007856369
1837 1127.2688502073288
1838 6.899594813585281
1839 335.910956710577
1840 9.15621143579483
1841 42.41385826468468
1842 952.2185254991055
1843 175.0305585861206
1844 706.257125928998
1845 548.3257081210613
1846 656.8259100615978
1847 175.97444221377373
1848 695.2873411178589
1849 523.9488085508347
1850 418.9810353964567
1851 479.30767400562763
1852 655.9186975955963
1853 1006.9550140500069
1854 420.558572396636
1855 383.5852994322777
1856 241.30335548520088
1857 6.755585640668869
1858 124.00750677287579
1859 2136.9497559964657
1860 13.88104759156704
1861 771.8629945218563
1862 248.036675080657
1863 12.108776226639748
1864 228.9889544248581
1865 801.3199442028999
1866 247.48826898634434
1867 2141.1725708842278
1868 7.015119135379791
1869 477.8832129240036
1870 198.42468070983887
1871 106.63386511802673
1872 33.44896191358566
1873 1740.7810899615288
1874 666.2755079567432
1875 214.0613858103752
1876 270.4991970807314
1877 133.77154505252838
1878 155.9090058207512
1879 2286.7336099147797
1880 698.0436391532421
1881 35.77360162138939
1882 14.106415390968323
1883 17.423688367009163
1884 630.5497669875622
1885 1637.3725338876247
1886 311.4274422824383
1887 72.67293259501457
1888 504.8172253072262
1889 155.45924589037895
1890 2437.8836621046066
1891 199.34722259640694
1892 9.661606252193451
1893 7.986819207668304
1894 1188.1828110218048
1895 57.45561492443085
1896 595.604622349143
1897 1734.2317222058773
1898 481.2376851439476
1899 60.90133512020111
1900 1939.564288675785
1901 27.6534124314785
1902 776.8554237484932
1903 439.64543978869915
1904 1210.693512558937
1905 6.537725538015366
1906 230.8730018734932
1907 1084.1676113903522
1908 19.51884615421295
1909 302.8994245529175
1910 298.25498726963997
1911 278.2076293826103
1912 12.060998648405075
1913 939.0547593086958
1914 36.11066706478596
1915 42.99782718718052
1916 2033.7739419341087
1917 64.7396539002657
1918 119.9586720764637
1919 1111.9817613363266
1920 577.0837958455086
1921 791.3493745923042
1922 855.1858793795109
1923 915.3934352099895
1924 16.126652151346207
1925 170.91881436109543
1926 818.0814211368561
1927 5.0
1928 322.89311215281487
1929 6.5647608786821365
1930 32.928255677223206
1931 619.1242826879025
1932 512.1544619202614
1933 903.960415109992
1934 177.18249344825745
1935 1144.0418800115585
1936 411.7893101722002
1937 1236.0777175426483
1938 6.109400510787964
1939 309.4459806084633
1940 195.4079564064741
1941 709.0738068223
1942 1216.3108893334866
1943 1049.9766812175512
1944 864.0498687624931
1945 176.71416971087456
1946 256.7851278781891
1947 504.0426759123802
1948 495.89062091708183
1949 804.8044473230839
1950 5.0
1951 75.88255159556866
1952 166.59534591436386
1953 1488.1817841529846
1954 655.5826682597399
1955 204.11119577288628
1956 28.929519400000572
1957 273.17942376434803
1958 1144.587827205658
1959 77.72709119319916
1960 531.0079509913921
1961 300.0931742787361
1962 306.4312130510807
1963 6.482498645782471
1964 306.5924906283617
1965 6.245145678520203
1966 102.8726907223463
1967 45.42754898965359
1968 1126.2426224946976
1969 471.4261035770178
1970 138.72100713849068
1971 6.707895189523697
1972 968.2171335816383
1973 1494.662996351719
1974 535.1410830318928
1975 18.051812082529068
1976 23.93724662065506
1977 5.0
1978 1391.3538897633553
1979 640.734798848629
1980 119.30609476566315
1981 193.83577957749367
1982 607.9432862699032
1983 519.8721179962158
1984 120.27158358693123
1985 381.3932617455721
1986 7.363616734743118
1987 7.010075807571411
1988 593.7522077858448
1989 151.43082243204117
1990 427.5866297632456
1991 2938.5531498789787
1992 579.0973483026028
1993 424.0249064564705
1994 511.8120528757572
1995 5.7975267469882965
1996 488.0326393544674
1997 370.937463760376
1998 405.8544387817383
1999 498.97990772128105
2000 999.3115731179714
2001 612.2045167982578
2002 689.616043150425
2003 343.00979267060757
2004 113.03320106863976
2005 1659.8101247251034
2006 5.583432361483574
2007 775.4564084261656
2008 128.49962554872036
2009 82.09509640932083
2010 7.909235030412674
2011 1580.582089960575
2012 644.524357482791
2013 1443.4511718153954
2014 1630.2351575493813
2015 1076.925232231617
2016 284.4807979464531
2017 905.4717627167702
2018 162.3448820412159
2019 1333.3770347684622
2020 6.134502530097961
2021 433.53614977002144
2022 6.345345497131348
2023 372.3026099652052
2024 295.39005033671856
2025 99.5654549151659
2026 20.891569554805756
2027 642.2091122865677
2028 1243.2730008661747
2029 594.7296064794064
2030 8.163329228758812
2031 330.14331816136837
2032 404.7483360916376
2033 450.5193483233452
2034 533.5421311557293
2035 274.13062474131584
2036 1164.1684666872025
2037 140.69545730948448
2038 453.8567069917917
2039 405.3940850496292
2040 1428.79948630929
2041 257.5083639919758
2042 908.2839092314243
2043 404.223009288311
2044 139.71168187260628
2045 487.89122638106346
2046 1010.1023281216621
2047 293.83590534329414
2048 6.5123759508132935
2049 727.8288416415453
2050 414.42978209257126
2051 682.3549216091633
2052 588.7632121741772
2053 83.86215063929558
2054 1287.6675375550985
2055 1522.8180084228516
2056 1328.5037183463573
2057 43.13738435506821
2058 824.3028648495674
2059 105.26572188735008
2060 6.214837163686752
2061 800.6991434395313
2062 6.041158318519592
2063 928.979086369276
2064 451.51470056176186
2065 592.2444432675838
2066 400.9963214844465
2067 708.2183165848255
2068 128.6689252257347
2069 6.676284968852997
2070 458.3486522138119
2071 339.3117205500603
2072 21.438413560390472
2073 327.15475368499756
2074 880.3424594700336
2075 56.53970342874527
2076 87.05571915209293
2077 508.402510792017
2078 318.69926358759403
2079 6.370377421379089
2080 1584.1173049509525
2081 1956.1716908365488
2082 354.5325414389372
2083 18.871538907289505
2084 1492.2530657052994
2085 766.9699940085411
2086 377.26539136469364
2087 1328.861020475626
2088 840.6173033714294
2089 430.39785358309746
2090 541.9968792796135
2091 133.1121507436037
2092 1733.5411756038666
2093 9.716631829738617
2094 455.2141536772251
2095 501.39934715628624
2096 828.7192929983139
2097 496.1474297940731
2098 366.42024375498295
2099 580.802600055933
2100 813.7164359688759
2101 1571.7026771306992
2102 266.6256571263075
2103 7.023012399673462
2104 1743.2305979132652
2105 668.9970298707485
2106 353.80275869369507
2107 24.382696449756622
2108 57.93161451816559
2109 2296.559184074402
2110 648.1639005839825
2111 6.72816564142704
2112 434.7394655793905
2113 2379.6387144625187
2114 150.29451678693295
2115 146.10964927077293
2116 723.1145460903645
2117 1235.3916020393372
2118 138.89725518226624
2119 5.799360752105713
2120 523.4322856366634
2121 667.1841311752796
2122 1240.7442267537117
2123 691.1622241735458
2124 607.230702906847
2125 525.8286369144917
2126 446.91738656163216
2127 1129.8049656748772
2128 603.308107316494
2129 683.1026554703712
2130 808.1326768100262
2131 418.1593329310417
2132 279.6650647968054
2133 1019.5356876850128
2134 525.3541117012501
2135 914.7491150051355
2136 5.0
2137 162.10489240288734
2138 423.1538140922785
2139 592.7462688684464
2140 418.21542155742645
2141 488.8955673724413
2142 15.220631420612335
2143 5.992888122797012
2144 178.66847702860832
2145 378.5884070545435
2146 987.0628011524677
2147 28.36159548163414
2148 912.3587644398212
2149 530.851915448904
2150 472.9939719736576
2151 310.15783451497555
2152 977.9444719552994
2153 634.9531370103359
2154 416.5648914575577
2155 541.2975896000862
2156 8.271524786949158
2157 543.1301938146353
2158 24.121201008558273
2159 252.6657961755991
2160 387.34121273458004
2161 353.3651844263077
2162 759.3550763130188
2163 1694.4786190390587
2164 47.57879000902176
2165 107.39152267575264
2166 6.428571462631226
2167 112.01064582169056
2168 524.9408569931984
2169 322.366270005703
2170 587.0437646210194
2171 954.1245910227299
2172 432.30284732580185
2173 146.14491693675518
2174 6.116291165351868
2175 155.39711473882198
2176 7.080100446939468
2177 634.7520207464695
2178 120.56418937444687
2179 54.143843948841095
2180 92.64678603410721
2181 1028.9824354350567
2182 135.908252581954
2183 81.34152123332024
2184 53.600850120186806
2185 741.8708061277866
2186 7.632291674613953
2187 467.5350481569767
2188 2366.639132142067
2189 418.0452165901661
2190 437.72234043478966
2191 180.5588649958372
2192 809.0663148164749
2193 1262.8972323834896
2194 1932.5711542367935
2195 72.44142809510231
2196 492.91099674999714
2197 219.95490011572838
2198 1366.407690435648
2199 32.299908608198166
2200 354.5886524319649
2201 767.1800436675549
2202 501.70286244153976
2203 479.8682534843683
2204 346.31604397296906
2205 659.5569912791252
2206 1200.7990954220295
2207 47.304004997015
2208 6.685201823711395
2209 131.78630423545837
2210 2671.8756514042616
2211 565.2275006175041
2212 321.7887153029442
2213 6.515749767422676
2214 217.99022759497166
2215 299.7922633886337
2216 410.4305630624294
2217 291.98262763023376
2218 701.6242201030254
2219 584.5677680969238
2220 305.1249740719795
2221 277.4678790271282
2222 590.9012697935104
2223 73.25177949666977
2224 1248.5059698820114
2225 1331.2575078606606
2226 1129.1271269023418
2227 571.503779232502
2228 362.50943624973297
2229 792.4405209422112
2230 22.87609702348709
2231 575.0150727927685
2232 686.6522601246834
2233 129.26368290185928
2234 62.29826308786869
2235 1219.6316415965557
2236 173.32939618825912
2237 918.2364616394043
2238 2109.8508281707764
2239 172.08400920033455
2240 663.4650537967682
2241 524.5467344820499
2242 388.21683190762997
2243 70.95714281499386
2244 898.8229161500931
2245 1162.4038858115673
2246 72.3578345477581
2247 6.329630494117737
2248 32.54611301422119
2249 368.7262368798256
2250 12.283749550580978
2251 928.9511933326721
2252 619.3730389177799
2253 481.3586138486862
2254 148.11584305763245
2255 959.8320514559746
2256 7.852419883012772
2257 861.5114222317934
2258 762.2553526759148
2259 10.265734165906906
2260 979.8585683405399
2261 562.647651642561
2262 442.5985740274191
2263 5.0
2264 194.6203197836876
2265 155.4694085419178
2266 391.2178829163313
2267 367.30530624091625
2268 79.13948011398315
2269 559.8171926736832
2270 6.2104551792144775
2271 186.47150465846062
2272 51.74232977628708
2273 44.943088322877884
2274 134.3042499423027
2275 548.9486093521118
2276 255.2188953757286
2277 5.826976805925369
2278 49.18522882461548
2279 47.06437787413597
2280 463.61667039990425
2281 5.81311559677124
2282 148.01504361629486
2283 21.74086108803749
2284 372.5612273812294
2285 60.19597101211548
2286 442.0550107508898
2287 507.67319613695145
2288 157.4251348078251
2289 168.66373512148857
2290 342.40742990374565
2291 342.1210860311985
2292 551.3786415755749
2293 147.20291763544083
2294 6.254911661148071
2295 368.63245518505573
2296 85.56650817394257
2297 17.707874923944473
2298 749.6996491253376
2299 844.3193889558315
2300 5.0
2301 99.14989131689072
2302 593.2242951691151
2303 580.5332919061184
2304 683.9891164004803
2305 6.743030235171318
2306 792.2910493612289
2307 170.40263405442238
2308 2529.884026557207
2309 136.83181181550026
2310 617.0247964262962
2311 1735.3299315869808
2312 209.6107661575079
2313 393.6967137157917
2314 440.3664765357971
2315 826.3900530338287
2316 339.2917487472296
2317 48.2220593392849
2318 188.27864579856396
2319 474.59969456493855
2320 100.62483601272106
2321 1626.8219530284405
2322 555.0601849853992
2323 243.33870865404606
2324 157.67551746964455
2325 9.675418138504028
2326 439.44807755947113
2327 8.090353578329086
2328 168.24536210298538
2329 820.6552619040012
2330 119.41876155138016
2331 443.93216179311275
2332 186.35137462615967
2333 389.13443756103516
2334 284.5467187613249
2335 160.67776241898537
2336 807.765824764967
2337 46.39161244034767
2338 26.379481106996536
2339 158.01348859071732
2340 9.814967453479767
2341 116.36448982357979
2342 69.91778296232224
2343 267.96120001375675
2344 69.68040651082993
2345 8.448578983545303
2346 764.3140897750854
2347 465.75328424572945
2348 222.03713071346283
2349 402.6699118614197
2350 600.9082959890366
2351 68.9803975969553
2352 133.15493711829185
2353 1400.4148261249065
2354 206.55891792476177
2355 227.02086551487446
2356 14.88343170285225
2357 876.3881390690804
2358 1417.145083785057
2359 288.8570178896189
2360 353.06063985824585
2361 366.6386318206787
2362 133.97183413803577
2363 992.939983934164
2364 465.1749464869499
2365 571.4793587327003
2366 15.786163687705994
2367 107.65407635271549
2368 316.6135127991438
2369 17.093201875686646
2370 85.84083399176598
2371 93.49550506472588
2372 399.41779509186745
2373 776.8446832597256
2374 1743.298972696066
2375 82.76600322127342
2376 574.6426689475775
2377 556.5333678126335
2378 143.02527026832104
2379 5.770810306072235
2380 398.5152317583561
2381 333.79202549159527
2382 318.91177412867546
2383 6.006309151649475
2384 142.3325563967228
2385 74.30913151800632
2386 11.324555397033691
2387 450.73278222978115
2388 609.655350625515
2389 119.11179411411285
2390 679.2745005637407
2391 351.51990082859993
2392 296.7997212558985
2393 203.03383070230484
2394 79.40719357132912
2395 94.07307878136635
2396 1056.2818522453308
2397 79.97344681620598
2398 9.275380790233612
2399 677.0261198580265
2400 800.0803274512291
2401 391.9361559152603
2402 458.54249849915504
2403 94.27029190957546
2404 703.5335149765015
2405 603.2956170588732
2406 168.95995044708252
2407 957.0281838476658
2408 877.1572819948196
2409 1526.6946708112955
2410 376.4299533069134
2411 203.52804881334305
2412 2841.903471529484
2413 1521.850141853094
2414 729.4613507091999
2415 10.645263314247131
2416 5.809776306152344
2417 587.1024035215378
2418 26.137369260191917
2419 6.175823956727982
2420 152.14533162117004
2421 623.7246835976839
2422 415.6579941958189
2423 422.36946058273315
2424 1268.4585091471672
2425 6.111127734184265
2426 162.31089417636395
2427 46.380413457751274
2428 33.79637202620506
2429 162.05740809440613
2430 135.7315673828125
2431 32.60619594156742
2432 573.296113550663
2433 1644.4427616894245
2434 635.361395329237
2435 90.88455310463905
2436 7.169304609298706
2437 269.07701700925827
2438 6.284080311655998
2439 457.89550971984863
2440 74.16485567390919
2441 647.6770766973495
2442 625.5698522925377
2443 13.175730764865875
2444 151.93154820799828
2445 76.4293543100357
2446 463.9011692404747
2447 6.695665717124939
2448 129.7819226682186
2449 457.37171974778175
2450 477.01746892929077
2451 2813.8869769871235
2452 366.2755687236786
2453 598.8054586052895
2454 486.0336866527796
2455 916.8262352645397
2456 1189.057254999876
2457 370.36795811355114
2458 175.8748515546322
2459 1305.193062365055
2460 105.70929768681526
2461 133.77013581991196
2462 170.51938472688198
2463 5.689245522022247
2464 680.4341869652271
2465 5.0
2466 10.489869251847267
2467 159.32389497756958
2468 418.1778775304556
2469 87.60286201536655
2470 447.8246085345745
2471 897.9492075145245
2472 545.7694799602032
2473 966.5683876276016
2474 509.66995134949684
2475 11.157746121287346
2476 538.0282434523106
2477 402.8793350160122
2478 495.8473437279463
2479 82.35684323310852
2480 45.265616685152054
2481 292.79093298316
2482 408.2413441091776
2483 293.95092898607254
2484 380.2658707201481
2485 109.69386914372444
2486 30.47462821006775
2487 8.79478406906128
2488 107.99753028154373
2489 256.4789717942476
2490 798.5459652245045
2491 836.3140133321285
2492 531.3720062077045
2493 447.4291618168354
2494 265.4561535716057
2495 144.48937273025513
2496 1048.3879039883614
2497 549.6528015136719
2498 397.1448043435812
2499 5.940960511565208
2500 196.27993884682655
2501 1003.1869258582592
2502 53.39626602828503
2503 566.4635917395353
2504 620.902451902628
2505 1192.4218891859055
2506 1077.6386615037918
2507 92.08644941449165
2508 527.150418817997
2509 83.39228963851929
2510 888.4090062081814
2511 148.91113549470901
2512 132.97522950172424
2513 13.989450097084045
2514 96.19470174610615
2515 119.38129703700542
2516 125.26721966266632
2517 170.31262366473675
2518 616.9542616009712
2519 694.4025889337063
2520 155.6415891945362
2521 47.272976100444794
2522 30.243467301130295
2523 115.07614880800247
2524 884.2046566009521
2525 216.00052297115326
2526 16.167963445186615
2527 124.28364779055119
2528 1589.8511155545712
2529 51.277482748031616
2530 516.4118685722351
2531 570.6440446674824
2532 393.2892082184553
2533 1807.1311793923378
2534 120.73886299133301
2535 79.85348063707352
2536 224.16212651133537
2537 337.25580944120884
2538 386.084399536252
2539 142.71388906240463
2540 149.30800445377827
2541 337.766061604023
2542 114.39247290790081
2543 35.17350918054581
2544 440.78170374035835
2545 17.582085371017456
2546 19.218103051185608
2547 5.997509300708771
2548 393.16983687877655
2549 273.3279013633728
2550 487.22511968016624
2551 1550.3357137739658
2552 20.40155917406082
2553 6.519858926534653
2554 171.34233757853508
2555 6.0690449476242065
2556 6.135480597615242
2557 149.01289665699005
2558 432.14628380537033
2559 34.41575625538826
2560 136.6315784007311
2561 433.1564011871815
2562 367.6579284518957
2563 584.2752819657326
2564 1221.9249350130558
2565 461.38756263256073
2566 337.0092789530754
2567 1078.5939947366714
2568 516.6364059150219
2569 735.7370528578758
2570 14.662073284387589
2571 49.19379200041294
2572 35.84794281423092
2573 585.2488758265972
2574 185.94157867133617
2575 826.5475390851498
2576 731.0820228457451
2577 203.2295830398798
2578 155.38656330108643
2579 19.582225441932678
2580 34.0498848259449
2581 516.8549252748489
2582 7.201635181903839
2583 27.68116855621338
2584 1701.1664654910564
2585 142.45613750815392
2586 6.266359597444534
2587 594.3994778394699
2588 1166.7477135956287
2589 102.30243408679962
2590 289.84057143330574
2591 101.9200105369091
2592 150.84602493047714
2593 349.062402844429
2594 1598.3010449111462
2595 866.1751182377338
2596 647.3753619492054
2597 6.158568978309631
2598 662.7458372414112
2599 338.34215869009495
2600 482.38414657115936
2601 87.46379686892033
2602 414.82882982492447
2603 450.6979385614395
2604 194.38038344681263
2605 189.46562135219574
2606 88.32874064147472
2607 358.5340851545334
2608 368.4841454029083
2609 1218.6522190868855
2610 6.139605760574341
2611 48.802610635757446
2612 91.55770322680473
2613 6.183989763259888
2614 8.876473784446716
2615 106.88359743356705
2616 45.247031942009926
2617 900.7964218258858
2618 824.6249021589756
2619 373.82396775484085
2620 152.95594716072083
2621 629.8224430978298
2622 736.2510262727737
2623 207.55379462242126
2624 1539.9220619499683
2625 115.62247091531754
2626 1192.7625508010387
2627 2470.9721068143845
2628 250.4290820658207
2629 244.02149891853333
2630 1437.6718274652958
2631 158.05124732851982
2632 143.23113438487053
2633 763.3164097368717
2634 572.6552310883999
2635 97.1682463735342
2636 669.8927365541458
2637 492.8781794011593
2638 524.6288627684116
2639 4.475265979766846
2640 413.57417607307434
2641 124.01639613509178
2642 1509.7655012905598
2643 1344.9857811629772
2644 178.18649004399776
2645 89.63365519046783
2646 798.7460026741028
2647 120.75880897045135
2648 6.647615775465965
2649 103.6877147257328
2650 73.09834195673466
2651 6.330566093325615
2652 394.81792747974396
2653 186.9253137409687
2654 230.57684403657913
2655 1118.8899887502193
2656 616.7960263490677
2657 7.664935901761055
2658 434.99317045509815
2659 263.1271208822727
2660 177.14861744642258
2661 6.381018936634064
2662 32.779075771570206
2663 1034.150883615017
2664 111.63028812408447
2665 139.4807599335909
2666 882.404730618
2667 57.06671887636185
2668 1295.8147648572922
2669 216.44645561277866
2670 416.0235758423805
2671 793.2131921350956
2672 372.62737683951855
2673 343.87826223671436
2674 431.2625042796135
2675 86.6274348795414
2676 18.708754241466522
2677 20.643416792154312
2678 974.9921544790268
2679 1483.7191811800003
2680 897.1565780043602
2681 13.269704222679138
2682 846.2465618252754
2683 708.9338204860687
2684 318.6916561424732
2685 431.30245016515255
2686 1509.1858178377151
2687 119.30131137371063
2688 141.52168807387352
2689 40.97974216938019
2690 213.93081276118755
2691 929.4913401901722
2692 18.393472999334335
2693 424.49697920680046
2694 687.3362635374069
2695 190.98341511189938
2696 1451.3521050661802
2697 9.98486316204071
2698 13.81277048587799
2699 1693.987689614296
2700 1881.1758783459663
2701 20.0720075070858
2702 874.1071355044842
2703 5.925489604473114
2704 505.631386756897
2705 118.36179918050766
2706 171.6717518568039
2707 513.7642426490784
2708 387.7914011478424
2709 1545.5783830881119
2710 10.884476393461227
2711 376.7347624897957
2712 156.48182019591331
2713 174.2088803946972
2714 180.5160033404827
2715 325.26585471630096
2716 328.57119849324226
2717 430.0776062309742
2718 117.26798914372921
2719 1397.7569347321987
2720 1316.77432218194
2721 308.78438371419907
2722 173.3436003923416
2723 263.7761218547821
2724 6.168412446975708
2725 98.58899846673012
2726 43.21172213554382
2727 7.748338669538498
2728 234.334517583251
2729 327.14762875437737
2730 119.33706504106522
2731 220.7566946297884
2732 517.6233169436455
2733 277.8535663187504
2734 539.847937181592
2735 1396.3846454322338
2736 9.076453268527985
2737 1990.7995035350323
2738 710.8618944883347
2739 470.4185267984867
2740 159.22878953814507
2741 14.033228665590286
2742 386.34876081347466
2743 329.2725269794464
2744 520.3447416424751
2745 68.73575669527054
2746 1067.08346042037
2747 22.077550306916237
2748 862.3591885864735
2749 7.324952840805054
2750 223.77855196595192
2751 270.55086812376976
2752 108.5040864944458
2753 1088.108747035265
2754 131.98656782507896
2755 392.64647740125656
2756 167.33495971560478
2757 627.0443202257156
2758 9.173151135444641
2759 6.604896634817123
2760 155.07194098830223
2761 11.113691702485085
2762 120.23539820313454
2763 44.94032022356987
2764 195.0581470578909
2765 456.9309324026108
2766 792.4903067052364
2767 56.500357910990715
2768 524.0473957061768
2769 228.3528384566307
2770 7.468152925372124
2771 59.32827244699001
2772 21.4562768638134
2773 396.05683529376984
2774 783.5975703597069
2775 1432.1179760098457
2776 944.2449229955673
2777 7.471809551119804
2778 8.51772090792656
2779 360.8057581782341
2780 314.0581134259701
2781 1912.6591067165136
2782 78.66927897930145
2783 738.9424873292446
2784 414.34497034549713
2785 113.33165648579597
2786 189.72452074289322
2787 703.7484727501869
2788 120.14649012684822
2789 389.52814964950085
2790 502.24201253056526
2791 78.92994666099548
2792 672.9795491695404
2793 706.3889051526785
2794 259.7554004788399
2795 242.70970809459686
2796 900.2633513510227
2797 841.8693833351135
2798 170.4693399965763
2799 726.9845846891403
2800 120.92206302285194
2801 276.42099019885063
2802 9.214562520384789
2803 692.8155933320522
2804 303.8722470998764
2805 110.4223662018776
2806 384.39754359424114
2807 1479.7536872774363
2808 8.28624176979065
2809 149.7290901839733
2810 898.4235540628433
2811 564.6862836480141
2812 248.681480422616
2813 19.18662741780281
2814 92.32906648516655
2815 615.9372839033604
2816 181.18937012553215
2817 585.8680094182491
2818 99.51309323310852
2819 555.2787683904171
2820 224.2836985886097
2821 89.56156766414642
2822 617.1186846494675
2823 17.2781662940979
2824 685.775653809309
2825 837.7433535754681
2826 111.8901789188385
2827 471.30115205049515
2828 428.8174141049385
2829 19.187740862369537
2830 345.5527303814888
2831 18.375702410936356
2832 339.7615065872669
2833 326.6013765633106
2834 1637.6851265132427
2835 19.47647026181221
2836 488.22279810905457
2837 1922.6913877129555
2838 224.48188561201096
2839 867.4813754558563
2840 305.0680466890335
2841 49.0621220767498
2842 5.863868474960327
2843 470.2169095426798
2844 46.5931753218174
2845 183.49006973206997
2846 323.7762048691511
2847 613.298195630312
2848 1484.374710202217
2849 91.59226290881634
2850 832.9422083944082
2851 6.783275172114372
2852 148.63736018538475
2853 460.2473784983158
2854 5.837707817554474
2855 106.37067794799805
2856 11.746900081634521
2857 682.4766784310341
2858 5.840662717819214
2859 76.40086802840233
2860 17.864444717764854
2861 476.24918469786644
2862 454.2619679272175
2863 499.7811168432236
2864 17.268602401018143
2865 1029.5335251241922
2866 43.08760876953602
2867 8.953916788101196
2868 38.58782160282135
2869 167.54450307786465
2870 501.75295531749725
2871 84.48984204232693
2872 49.07979562878609
2873 96.5677233338356
2874 31.657151088118553
2875 7.517204761505127
2876 8.204034686088562
2877 76.036675542593
2878 383.8612710535526
2879 21.668535381555557
2880 74.98775999248028
2881 37.826271176338196
2882 443.11377830803394
2883 24.83897277712822
2884 6.267448544502258
2885 51.51586851477623
2886 759.8993638753891
2887 591.2452781796455
2888 657.957412570715
2889 162.90645882487297
2890 412.4315124452114
2891 28.679503470659256
2892 44.594605788588524
2893 174.32138188183308
2894 405.0667804181576
2895 15.474071115255356
2896 6.01485601067543
2897 85.57805615663528
2898 437.6500732600689
2899 786.7188864946365
2900 20.196723729372025
2901 348.0892829298973
2902 34.03484642505646
2903 1155.887926131487
2904 341.3577825129032
2905 430.6226049363613
2906 167.2118937075138
2907 6.079640582203865
2908 6.255326047539711
2909 126.77532297372818
2910 77.59525799751282
2911 493.9229420721531
2912 307.51585476100445
2913 7.116850271821022
2914 769.7379241883755
2915 1646.3972483873367
2916 6.2194215059280396
2917 6.421097069978714
2918 372.9696115553379
2919 5.0
2920 67.44122175872326
2921 117.52487802505493
2922 93.18026852607727
2923 163.62665128707886
2924 961.7592989504337
2925 920.9277351796627
2926 178.36868849396706
2927 65.03563264012337
2928 198.22512224316597
2929 6.656049460172653
2930 16.01712191104889
2931 5.0
2932 462.3037874698639
2933 474.67999628186226
2934 206.96130734682083
2935 19.80776634812355
2936 1493.4477755725384
2937 643.595737144351
2938 6.892134502530098
2939 33.85967768728733
2940 22.984606444835663
2941 162.4116043895483
2942 650.9709977805614
2943 281.3793976306915
2944 267.9287921190262
2945 687.020389854908
2946 14.270729765295982
2947 28.31747105717659
2948 27.538431644439697
2949 268.0779967159033
2950 15.719152182340622
2951 235.2405249029398
2952 6.012739419937134
2953 47.77299040555954
2954 8.194235250353813
2955 37.01579535007477
2956 10.094337582588196
2957 20.19350352883339
2958 20.8208327293396
2959 257.6902353465557
2960 16.09847703576088
2961 871.9337976276875
2962 939.2959755063057
2963 76.59373714029789
2964 96.60111404955387
2965 171.2807935476303
2966 58.310240387916565
2967 19.92206621170044
2968 443.35069109499454
2969 114.57100167870522
2970 40.31777146458626
2971 11.635806411504745
2972 110.98445025086403
2973 676.5539834797382
2974 8.110014081001282
2975 7.877135336399078
2976 331.13348868489265
2977 86.44851297140121
2978 1529.5527592897415
2979 277.6269968152046
2980 188.24797473847866
2981 27.763620853424072
2982 113.65695725381374
2983 323.1234927177429
2984 475.5866521000862
2985 305.1692773103714
2986 23.83399847149849
2987 721.8605489730835
2988 19.44557997584343
2989 206.40165048837662
2990 329.03031262755394
2991 240.8120123296976
2992 179.88292740285397
2993 6.4249409437179565
2994 256.21605226397514
2995 329.0298811495304
2996 17.07227650284767
2997 126.27449944615364
2998 36.12834569811821
2999 44.227584168314934
3000 177.3727037012577
3001 24.01640698313713
3002 916.4431593120098
3003 462.01393151283264
3004 182.62979531288147
3005 6.123311996459961
3006 316.08024725317955
3007 64.76088963449001
3008 132.56166076660156
3009 61.77437499165535
3010 671.586537361145
3011 481.05990993976593
3012 584.4736102819443
3013 107.8404024541378
3014 6.9498395174741745
3015 40.84622484445572
3016 1535.0918011069298
3017 195.0087842643261
3018 40.196139484643936
3019 16.177843496203423
3020 6.5384615659713745
3021 1422.7552217841148
3022 124.99720501899719
3023 12.533293426036835
3024 395.8219529390335
3025 6.660909652709961
3026 85.48741281032562
3027 64.15829059481621
3028 458.1070776581764
3029 1107.2374687343836
3030 420.5720454156399
3031 122.2066062092781
3032 136.36730727553368
3033 21.187426537275314
3034 9.987113550305367
3035 1158.7399933040142
3036 5.894427239894867
3037 415.82005210220814
3038 261.9697619974613
3039 1766.8624823093414
3040 357.0509492754936
3041 410.1247533559799
3042 19.80267959833145
3043 33.2205023765564
3044 711.6452098786831
3045 5.594321638345718
3046 23.039620578289032
3047 61.89994761347771
3048 661.4607580304146
3049 5.0
3050 25.71527101099491
3051 742.1713542342186
3052 6.631403863430023
3053 196.21675398945808
3054 9.079424619674683
3055 47.93137684464455
3056 24.825003072619438
3057 585.8376415967941
3058 189.48463654518127
3059 213.2468997836113
3060 96.752873852849
3061 24.385292500257492
3062 64.74776929616928
3063 97.70115131139755
3064 217.54559993743896
3065 474.6805755496025
3066 8.749773979187012
3067 1803.7755418419838
3068 113.97520565986633
3069 115.49829870462418
3070 1471.0947421193123
3071 151.77829644083977
3072 19.764853686094284
3073 1965.0844803452492
3074 200.00032991170883
3075 93.29011991620064
3076 403.67524966597557
3077 15.796723052859306
3078 161.13852733373642
3079 78.04051184654236
3080 650.8238560855389
3081 227.50339217483997
3082 51.382808938622475
3083 844.3279903233051
3084 9.977585911750793
3085 161.10834538936615
3086 459.6594569981098
3087 473.34958785772324
3088 294.1375938206911
3089 40.731216952204704
3090 6.034175395965576
3091 1791.9620819091797
3092 570.0292355716228
3093 315.9791761338711
3094 538.4448872804642
3095 105.07776312530041
3096 7.287257134914398
3097 2346.9167495816946
3098 411.5766224861145
3099 1474.423022955656
3100 470.39200404286385
3101 832.9817635118961
3102 30.038601130247116
3103 100.64782217144966
3104 153.37116757035255
3105 70.42145386338234
3106 46.36886391043663
3107 8.514499753713608
3108 1683.1422929614782
3109 697.5643274486065
3110 17.163934230804443
3111 425.27191610634327
3112 6.607128605246544
3113 719.930272758007
3114 336.77330526709557
3115 42.35406947135925
3116 314.8544887602329
3117 335.9367598295212
3118 210.58305436372757
3119 58.50341331958771
3120 831.6882225573063
3121 93.22591859102249
3122 6.057306542992592
3123 0.8745389580726624
3124 16.367458283901215
3125 22.116045713424683
3126 369.7722824215889
3127 1335.8579167723656
3128 383.0645938664675
3129 237.32662838697433
3130 62.87277786433697
3131 26.47863744199276
3132 12.297968924045563
3133 785.5910116434097
3134 293.8329943418503
3135 458.4737687408924
3136 63.60273638367653
3137 187.00642654299736
3138 1147.3197194635868
3139 5.0
3140 6.094546675682068
3141 353.6318494975567
3142 457.365940541029
3143 159.25183072686195
3144 80.19100847840309
3145 255.0822286605835
3146 714.4836496114731
3147 64.69116818904877
3148 200.62057721614838
3149 7.597107544541359
3150 441.0934037864208
3151 13.347377315163612
3152 1155.9711816608906
3153 93.37844118475914
3154 364.4293043613434
3155 395.9556425213814
3156 7.421119332313538
3157 922.481288433075
3158 225.3536316305399
3159 14.268593207001686
3160 8.477714747190475
3161 622.4401441514492
3162 576.9289862811565
3163 125.02414040267467
3164 89.76657240092754
3165 147.79018986225128
3166 692.1979015618563
3167 17.119496315717697
3168 74.71859048306942
3169 30.114983797073364
3170 1703.930943787098
3171 332.8394942879677
3172 53.62682528793812
3173 235.31495633721352
3174 404.2758917659521
3175 163.14374013245106
3176 110.06388176977634
3177 703.7913434505463
3178 204.29515579342842
3179 434.96959215402603
3180 894.8319798111916
3181 1030.5987540781498
3182 101.59464403986931
3183 1075.1185398101807
3184 88.86890521645546
3185 350.9043689966202
3186 49.959500417113304
3187 6.038669869303703
3188 8.104619532823563
3189 37.42000313103199
3190 27.173293083906174
3191 80.72161830961704
3192 257.82735151052475
3193 278.5248584449291
3194 6.262388825416565
3195 12.144672334194183
3196 479.5388146042824
3197 207.00371506810188
3198 1564.603142797947
3199 6.14332389831543
3200 199.53254988789558
3201 851.362782612443
3202 141.7961474955082
3203 131.5965025126934
3204 294.64883571863174
3205 108.53297567367554
3206 50.29005640745163
3207 189.10493835806847
3208 1509.9356810450554
3209 47.742894664406776
3210 735.1539254188538
3211 9.384298145771027
3212 452.4984118640423
3213 76.28314423561096
3214 160.84339678287506
3215 343.4608722180128
3216 160.11140099167824
3217 379.9608009457588
3218 43.37299466133118
3219 67.4038744866848
3220 927.8899341225624
3221 79.33503912389278
3222 872.0802273154259
3223 38.02716454863548
3224 5.6772854924201965
3225 165.03940531611443
3226 102.50820034742355
3227 288.05172365903854
3228 244.14786317944527
3229 127.49978241324425
3230 137.42255014181137
3231 481.32042545080185
3232 371.97441107034683
3233 433.50897258520126
3234 19.9123512506485
3235 6.0878565311431885
3236 234.34893357753754
3237 157.42482540011406
3238 449.1172038912773
3239 198.74208867549896
3240 1229.9026869535446
3241 5.0
3242 1003.4289594739676
3243 23.836816608905792
3244 118.35189253091812
3245 230.55540737509727
3246 85.07846076786518
3247 280.22634118795395
3248 148.1509611606598
3249 26.201056271791458
3250 609.2027457654476
3251 627.7558293938637
3252 109.96576377749443
3253 6.318760991096497
3254 124.38167744874954
3255 2095.0252189934254
3256 391.23196144402027
3257 14.27300250530243
3258 462.3770847916603
3259 5.670401513576508
3260 135.8484195023775
3261 6.801685705780983
3262 5.0
3263 35.04370592534542
3264 83.67341843247414
3265 159.51922623813152
3266 319.1776168048382
3267 40.79370576143265
3268 631.3605218678713
3269 547.1995201706886
3270 19.190746903419495
3271 596.0729193091393
3272 149.25910824537277
3273 348.2703782618046
3274 129.34583443403244
3275 32.38905057311058
3276 215.72440361976624
3277 45.74403366446495
3278 147.35736279189587
3279 62.45021130144596
3280 817.4195640683174
3281 154.46840077638626
3282 38.87864971160889
3283 7.619123473763466
3284 643.8087054789066
3285 246.33030849695206
3286 471.23903438448906
3287 107.37838613986969
3288 194.46187537908554
3289 1045.9817474484444
3290 6.348026022315025
3291 63.692838340997696
3292 1709.1153852641582
3293 192.2786300778389
3294 8.063996523618698
3295 875.728923201561
3296 627.6286282837391
3297 838.6623832881451
3298 117.5678388029337
3299 8.133610934019089
3300 108.33107221126556
3301 140.75900211930275
3302 113.3969264626503
3303 3.938651904463768
3304 9.495932176709175
3305 10.375575214624405
3306 251.88067649304867
3307 10.382934302091599
3308 5.982946276664734
3309 24.852462738752365
3310 5.880450904369354
3311 57.2487308382988
3312 430.8659946769476
3313 53.53679516911507
3314 222.62499698996544
3315 609.0554176568985
3316 128.0681662261486
3317 12.555524677038193
3318 162.10394874215126
3319 869.6979801058769
3320 34.86938129365444
3321 5.71611487865448
3322 23.472655102610588
3323 369.1351895928383
3324 590.5141766369343
3325 8.029335349798203
3326 156.49615859985352
3327 162.67185701429844
3328 6.064509630203247
3329 208.56988802552223
3330 12.528105020523071
3331 76.68601329624653
3332 743.3224457502365
3333 105.59362459182739
3334 58.773042380809784
3335 205.93753576278687
3336 119.94121159613132
3337 174.36626321077347
3338 131.73154991865158
3339 28.525909185409546
3340 180.9409849345684
3341 1024.934304624796
3342 98.0535723567009
3343 6.747408032417297
3344 9.346897974610329
3345 199.0149942189455
3346 337.1399143785238
3347 132.72966212034225
3348 142.69438043236732
3349 750.3366748988628
3350 231.42698752880096
3351 307.0718432068825
3352 335.14978861808777
3353 744.1843675971031
3354 426.5962125957012
3355 192.93016454577446
3356 482.6874187886715
3357 130.11823792755604
3358 442.0743397772312
3359 15.367485374212265
3360 115.17533937096596
3361 18.23333217203617
3362 83.50728748738766
3363 46.349747717380524
3364 1890.7206129133701
3365 325.573449164629
3366 61.246247947216034
3367 5.586995363235474
3368 92.67004105448723
3369 15.190423756837845
3370 229.77034583687782
3371 6.856953382492065
3372 545.1306993067265
3373 13.866970270872116
3374 56.43084165453911
3375 167.97275894880295
3376 821.3489162921906
3377 235.78645434975624
3378 8.474837005138397
3379 457.6817455291748
3380 68.95158544182777
3381 249.22994729876518
3382 319.44853404164314
3383 5.9794042110443115
3384 230.26090985536575
3385 23.41611284017563
3386 428.36347258090973
3387 267.3511752784252
3388 91.89180371165276
3389 144.85520586371422
3390 5.815817058086395
3391 5.985448434948921
3392 23.392196148633957
3393 1137.8059921264648
3394 38.48873996734619
3395 538.3714567124844
3396 523.7860320806503
3397 92.84630021452904
3398 9.58029229938984
3399 469.43075054883957
3400 136.49821108579636
3401 183.1090615838766
3402 286.8924802541733
3403 175.32010212540627
3404 769.705847889185
3405 8.121302247047424
3406 488.07438695430756
3407 122.251679956913
3408 447.3100360184908
3409 277.4472149312496
3410 869.1803389489651
3411 5.915289014577866
3412 1422.499225616455
3413 9.827586442232132
3414 24.53576499223709
3415 694.0207082480192
3416 7.020305156707764
3417 44.794231325387955
3418 530.4271416962147
3419 478.4856059849262
3420 42.385993003845215
3421 126.85173164308071
3422 19.198617339134216
3423 7.4536049365997314
3424 1128.2060854136944
3425 467.73043417930603
3426 39.0340361893177
3427 365.6964362412691
3428 6.423200875520706
3429 194.9358433187008
3430 410.6396898627281
3431 249.21986013650894
3432 172.6516490727663
3433 6.195986732840538
3434 1024.7752704322338
3435 379.53212997317314
3436 149.28565900027752
3437 49.58666379749775
3438 377.51337122917175
3439 489.3092767596245
3440 250.95674857497215
3441 266.22784312069416
3442 357.40937784314156
3443 6.417729198932648
3444 7.063779205083847
3445 53.64048333466053
3446 168.4394956380129
3447 44.425202161073685
3448 66.98084525763988
3449 35.54359871149063
3450 482.5377194583416
3451 95.85553976893425
3452 481.6626067608595
3453 292.59371185302734
3454 231.52907510101795
3455 9.656982332468033
3456 8.842703625559807
3457 813.962833866477
3458 781.2233649790287
3459 74.29378789663315
3460 847.1710914969444
3461 32.21326458454132
3462 5.698004841804504
3463 249.2268962264061
3464 93.64430198073387
3465 333.97965002059937
3466 676.990053743124
3467 493.5057157278061
3468 128.2178840637207
3469 10.35006994009018
3470 134.21920284628868
3471 54.47398166358471
3472 100.90311726927757
3473 8.1788389980793
3474 6.146897256374359
3475 11.803593710064888
3476 11.212018102407455
3477 319.1083627343178
3478 1490.7940967082977
3479 325.807985201478
3480 6.645066797733307
3481 226.09194141626358
3482 285.257727175951
3483 7.405805736780167
3484 51.483655482530594
3485 51.47271481156349
3486 39.580914080142975
3487 178.64653006196022
3488 92.26741448044777
3489 153.83272981643677
3490 1120.3973331451416
3491 6.6295541524887085
3492 164.15294155478477
3493 353.74345648288727
3494 329.2348675131798
3495 7.888502925634384
3496 734.7617609202862
3497 9.88886371254921
3498 8.688900589942932
3499 204.74353559315205
3500 29.171042442321777
3501 118.36690574884415
3502 71.20372554659843
3503 133.12285774946213
3504 202.1529502272606
3505 306.0755420923233
3506 1285.3631118237972
3507 65.06348782777786
3508 5.816781312227249
3509 22.97730776667595
3510 20.771292209625244
3511 397.47109192609787
3512 95.60700130462646
3513 818.5282366275787
3514 310.3140400648117
3515 569.1208146214485
3516 204.44606718420982
3517 107.48896503448486
3518 16.04338799417019
3519 1678.844190120697
3520 421.87395714223385
3521 6.240347385406494
3522 334.1250034570694
3523 697.2368103414774
3524 611.8985081017017
3525 720.5608783215284
3526 679.8792827129364
3527 1089.4577710181475
3528 927.803718239069
3529 611.0530988574028
3530 563.8501954674721
3531 229.76558624207973
3532 374.5558924973011
3533 11.920265913009644
3534 730.7160142958164
3535 328.9161483794451
3536 513.3815426975489
3537 133.23658815026283
3538 29.87286949157715
3539 9.984402358531952
3540 34.78889988362789
3541 852.1088410317898
3542 170.71840679645538
3543 318.25482761859894
3544 81.16276669502258
3545 233.20958510041237
3546 316.3278816193342
3547 24.86246368288994
3548 6.480893790721893
3549 62.99369114637375
3550 454.3621863424778
3551 137.96655371785164
3552 470.3879196047783
3553 515.9694343209267
3554 24.24262335896492
3555 108.98330390453339
3556 394.63492822647095
3557 6.166423678398132
3558 11.160626664757729
3559 117.67087271809578
3560 5.534352853894234
3561 639.1779931336641
3562 6.461457058787346
3563 230.49254809319973
3564 34.729916244745255
3565 6.367402583360672
3566 20.746240079402924
3567 5.838443577289581
3568 529.2623030543327
3569 72.12927339971066
3570 8.669576346874237
3571 59.58273147046566
3572 18.290509909391403
3573 123.05868363380432
3574 50.59237590432167
3575 14.973503574728966
3576 6.028323084115982
3577 23.621731162071228
3578 536.5054277479649
3579 860.402077972889
3580 433.1720726490021
3581 442.00207483768463
3582 199.460133343935
3583 507.4930406808853
3584 341.79315426945686
3585 87.75324961543083
3586 80.35945069789886
3587 6.296407461166382
3588 400.8036541938782
3589 139.61186668276787
3590 41.99684154987335
3591 626.2059546709061
3592 222.89940112829208
3593 1072.3538652658463
3594 181.88254715502262
3595 41.84470921754837
3596 182.99167388677597
3597 319.91379821300507
3598 291.45708778500557
3599 285.1498299241066
3600 35.061031341552734
3601 267.1390127837658
3602 154.36830869317055
3603 152.27007049322128
3604 106.6021074950695
3605 205.16605386137962
3606 901.253071397543
3607 30.19725462794304
3608 407.5932157635689
3609 94.81647752225399
3610 198.67861527204514
3611 39.41299344599247
3612 5.965609073638916
3613 83.08915957808495
3614 402.72198033332825
3615 127.12913484871387
3616 683.780002117157
3617 322.76130199432373
3618 12.0050900131464
3619 462.11949172616005
3620 254.43235650658607
3621 360.7699965983629
3622 529.6542390137911
3623 21.349295616149902
3624 587.9569444805384
3625 973.6273246705532
3626 6.22627866268158
3627 1176.0043985843658
3628 20.122449338436127
3629 559.3971806168556
3630 140.36877638101578
3631 5.0
3632 224.26942439377308
3633 5.631508946418762
3634 52.67898200452328
3635 1436.4715878665447
3636 654.665931135416
3637 103.52547086775303
3638 10.641183733940125
3639 168.96009334921837
3640 592.379357457161
3641 101.69070339202881
3642 133.80406692624092
3643 496.73305712640285
3644 88.4019086509943
3645 58.064411863684654
3646 64.05984012782574
3647 76.31837517023087
3648 729.1799188256264
3649 455.50197814404964
3650 39.01621451973915
3651 1048.33603271842
3652 789.3751181811094
3653 174.7082278728485
3654 313.1030539572239
3655 524.8030427545309
3656 6.141554594039917
3657 5.943858325481415
3658 6.819559708237648
3659 426.8045135438442
3660 1067.3197895884514
3661 935.3293327838182
3662 7.303662195801735
3663 331.98505556583405
3664 101.23465572297573
3665 22.490221545100212
3666 55.7055270075798
3667 45.62645411491394
3668 65.28930070996284
3669 644.9530644416809
3670 108.4716933965683
3671 68.18044662475586
3672 173.3886617422104
3673 52.83348697423935
3674 6.468885630369186
3675 10.846402525901794
3676 56.53175634145737
3677 6.623596608638763
3678 144.01512762904167
3679 658.8619199991226
3680 781.2306514382362
3681 956.4361210465431
3682 531.0499961227179
3683 566.0570749044418
3684 32.50381609797478
3685 515.4319701492786
3686 72.64550951123238
3687 161.23934665322304
3688 12.975838124752045
3689 8.333438888192177
3690 7.073903322219849
3691 17.45950612425804
3692 524.7544113695621
3693 6.519280284643173
3694 257.4686194360256
3695 636.59374538064
3696 367.9286080598831
3697 67.5283491909504
3698 5.749005913734436
3699 96.79306811094284
3700 154.0529838502407
3701 1151.333913296461
3702 210.43159666657448
3703 102.86184215545654
3704 20.186163678765297
3705 121.36000090837479
3706 22.295973226428032
3707 9.31682938337326
3708 104.22350642085075
3709 125.02820190787315
3710 6.872521638870239
3711 8.947222396731377
3712 701.3771335482597
3713 87.62857162952423
3714 17.2909774184227
3715 8.430198967456818
3716 69.01594310998917
3717 892.9431710243225
3718 411.06336146593094
3719 463.75451850891113
3720 215.34477071464062
3721 5.0
3722 9.793228015303612
3723 140.63624776899815
3724 153.96474826335907
3725 418.1979393661022
3726 708.2141797244549
3727 64.56093484163284
3728 834.5402600169182
3729 516.4985540658236
3730 1327.9628521949053
3731 5.927477836608887
3732 191.98482002317905
3733 11.851251929998398
3734 256.75635102391243
3735 414.8834184706211
3736 645.5346270352602
3737 536.1766862273216
3738 502.26919154822826
3739 439.91106221079826
3740 95.86798065900803
3741 89.70322272181511
3742 372.31898948550224
3743 29.147598177194595
3744 576.2925562858582
3745 38.191629230976105
3746 377.7146208882332
3747 387.6453299820423
3748 20.441221058368683
3749 94.31575044989586
3750 37.308026283979416
3751 404.83290630578995
3752 539.1519137769938
3753 484.673114746809
3754 19.764906272292137
3755 408.1621351838112
3756 801.899877756834
3757 144.9129984676838
3758 6.046847820281982
3759 7.560073897242546
3760 18.881120443344116
3761 31.933082938194275
3762 378.5242290198803
3763 207.37734919786453
3764 633.0366539955139
3765 12.576991245150566
3766 89.04557444155216
3767 91.60842786729336
3768 6.345345497131348
3769 1796.422389447689
3770 62.91618910431862
3771 7.0236832946538925
3772 10.027692034840584
3773 7.375665843486786
3774 426.16816517710686
3775 124.72539228200912
3776 7.187857776880264
3777 667.425218462944
3778 423.7551906555891
3779 298.0218698233366
3780 993.1134303212166
3781 55.67813205718994
3782 60.92325773835182
3783 338.81606309115887
3784 5.801926910877228
3785 62.318366691470146
3786 247.87935009598732
3787 763.0684737712145
3788 48.472935259342194
3789 224.76764284074306
3790 370.483061671257
3791 5.897122621536255
3792 22.743178725242615
3793 60.534663915634155
3794 204.54837346076965
3795 19.47201555967331
3796 63.214920580387115
3797 439.04883220791817
3798 111.73880951106548
3799 380.3575454801321
3800 718.2084375321865
3801 162.6344515234232
3802 612.6997690796852
3803 297.53934955596924
3804 369.70732225477695
3805 335.5361452847719
3806 81.48831990361214
3807 752.7764335274696
3808 170.23680076003075
3809 323.743524312973
3810 43.94527858495712
3811 6.400280117988586
3812 73.56396433711052
3813 929.1649699062109
3814 9.572193682193756
3815 104.54756107926369
3816 155.15387082099915
3817 8.75434872508049
3818 14.874752044677734
3819 41.15666362643242
3820 157.78517109155655
3821 418.1111781001091
3822 8.314852088689804
3823 541.752643018961
3824 10.775089532136917
3825 194.80266608297825
3826 34.25893825292587
3827 713.1854553818703
3828 878.9081797599792
3829 24.092169553041458
3830 67.84405680000782
3831 54.610712468624115
3832 88.1942909359932
3833 552.0977798998356
3834 14.97205924987793
3835 10.061603605747223
3836 17.852135598659515
3837 442.02881617844105
3838 646.4691513776779
3839 182.16178043186665
3840 25.510168135166168
3841 126.81309366226196
3842 1225.004221752286
3843 74.7249364554882
3844 6.431828543543816
3845 485.97580724954605
3846 10.965695410966873
3847 5.617213428020477
3848 815.3690981268883
3849 437.9039194881916
3850 353.7197860777378
3851 574.0230821669102
3852 6.245790630578995
3853 7.301624283194542
3854 7.482208788394928
3855 76.05044943094254
3856 175.7273972928524
3857 69.39070546627045
3858 494.95957481861115
3859 6.22627866268158
3860 415.26730194687843
3861 8.60728245973587
3862 16.49500784277916
3863 194.1681898534298
3864 121.3527869284153
3865 114.37660428881645
3866 52.92051923274994
3867 15.113976180553436
3868 365.04778629541397
3869 339.205221042037
3870 406.99253046512604
3871 242.52270138263702
3872 7.3716239631175995
3873 474.0501430630684
3874 13.578854829072952
3875 361.33426305651665
3876 141.70550879836082
3877 591.3992448151112
3878 115.13074506819248
3879 225.53924494981766
3880 33.24364414811134
3881 5.0
3882 275.6882671415806
3883 85.48629511892796
3884 123.98533147573471
3885 609.5785489678383
3886 77.36309349536896
3887 23.23477490246296
3888 42.12763899564743
3889 782.7580456733704
3890 19.472984224557877
3891 833.2044213414192
3892 6.111320108175278
3893 1035.8505464196205
3894 85.88803029060364
3895 538.5638563632965
3896 35.97378262877464
3897 6.55428384244442
3898 170.43666653335094
3899 144.8386711627245
3900 293.0763613283634
3901 531.7057505846024
3902 22.999221622943878
3903 9.747852146625519
3904 604.5578603744507
3905 7.262175261974335
3906 228.46056228876114
3907 164.74307960271835
3908 30.094926416873932
3909 44.11979456245899
3910 360.1832846403122
3911 81.53781712055206
3912 61.04553088545799
3913 219.00162254273891
3914 949.9017828702927
3915 147.66207048296928
3916 22.418799594044685
3917 188.88953629136086
3918 100.7215916365385
3919 942.1456660926342
3920 50.64681848883629
3921 31.150464445352554
3922 652.8865989595652
3923 47.91865223646164
3924 183.72855439782143
3925 278.8979497253895
3926 878.6726458072662
3927 54.43888172507286
3928 102.13979502022266
3929 7.383659601211548
3930 382.9606537371874
3931 24.3684603869915
3932 390.72512486577034
3933 164.00161921977997
3934 29.876226991415024
3935 12.807572230696678
3936 6.506548821926117
3937 262.419942766428
3938 9.737969800829887
3939 7.152215197682381
3940 11.44494903087616
3941 155.91761969029903
3942 58.97284299135208
3943 120.33005282282829
3944 146.29784327745438
3945 138.0431423932314
3946 44.59116983413696
3947 336.69187428057194
3948 607.9344144463539
3949 22.55559077858925
3950 7.634056925773621
3951 18.42508113384247
3952 270.3323864340782
3953 32.35919742286205
3954 126.77825032174587
3955 476.4307433664799
3956 322.34418135881424
3957 10.001045316457748
3958 634.4920761585236
3959 118.33974361419678
3960 267.69164814054966
3961 70.1438357681036
3962 327.19057366251945
3963 59.627997770905495
3964 9.40627358853817
3965 124.33313761651516
3966 566.7172250747681
3967 62.689151644706726
3968 403.41617476940155
3969 95.63783502578735
3970 782.1401870846748
3971 7.632118746638298
3972 490.4128457903862
3973 56.631806448102
3974 212.85523483157158
3975 48.74850332736969
3976 85.80219992995262
3977 651.1360668838024
3978 8.818948417901993
3979 12.006963208317757
3980 203.5902448296547
3981 285.2464876174927
3982 13.62197895348072
3983 92.01069843769073
3984 8.604527816176414
3985 10.149077653884888
3986 10.878175526857376
3987 1733.1223278194666
3988 265.41876953840256
3989 523.2193728983402
3990 330.14306819438934
3991 124.13042141497135
3992 185.87570416927338
3993 6.60812184214592
3994 110.53177960216999
3995 154.4986472427845
3996 97.68521478772163
3997 147.52550874650478
3998 25.612606316804886
3999 430.99082136154175
4000 294.08467657864094
4001 6.076726987957954
4002 5.990147590637207
4003 216.20532462000847
4004 7.550502836704254
4005 311.79230912029743
4006 100.25488743185997
4007 8.013170570135117
4008 419.53624600172043
4009 34.55273711681366
4010 7.092755660414696
4011 63.91531191766262
4012 455.1120781004429
4013 32.254105031490326
4014 16.731355160474777
4015 516.3502615392208
4016 66.7176598161459
4017 6.037661850452423
4018 758.7310863137245
4019 53.32980553805828
4020 627.7532713413239
4021 6.516196131706238
4022 85.58121709525585
4023 123.63280045986176
4024 656.1688959002495
4025 6.047865301370621
4026 35.0660016387701
4027 263.90303352475166
4028 254.99624113738537
4029 555.6319141089916
4030 749.7088511288166
4031 90.8358973711729
4032 7.856301844120026
4033 533.25487190485
4034 6.2639230489730835
4035 5.599042281508446
4036 6.205615431070328
4037 17.577805057168007
4038 100.55770449340343
4039 74.46980786323547
4040 402.8105562031269
4041 109.65312564373016
4042 568.3777844011784
4043 22.18228456377983
4044 10.868084132671356
4045 122.41268396377563
4046 243.6881455630064
4047 176.77637849748135
4048 363.18898260593414
4049 7.661895960569382
4050 79.22148212790489
4051 159.14495627582073
4052 762.732967197895
4053 140.79005548357964
4054 8.686540335416794
4055 643.7116001546383
4056 100.40581285953522
4057 401.91810996830463
4058 8.750944137573242
4059 458.2849415540695
4060 224.45536786317825
4061 793.2138132154942
4062 790.4998115003109
4063 347.8991140574217
4064 764.1579723358154
4065 1479.4879937767982
4066 909.336397498846
4067 72.75226204097271
4068 371.2906699478626
4069 83.51366485655308
4070 145.2644420415163
4071 183.02356007695198
4072 478.5179617404938
4073 805.9165207445621
4074 43.82526579499245
4075 196.64569872617722
4076 525.9558064639568
4077 241.726777151227
4078 241.4995719641447
4079 15.729311659932137
4080 63.792686596512794
4081 537.3137835562229
4082 307.3115105032921
4083 11.293480098247528
4084 145.91013592481613
4085 12.227980226278305
4086 299.8752671480179
4087 706.5061796605587
4088 1172.5275655686855
4089 55.16223305463791
4090 6.955121740698814
4091 32.71240368485451
4092 73.89013868570328
4093 502.985853433609
4094 47.078744262456894
4095 231.97222197055817
4096 6.638463854789734
4097 818.7387683987617
4098 1138.7014146596193
4099 17.045489698648453
4100 127.56426854431629
4101 528.9589674472809
4102 37.209748923778534
4103 9.913154244422913
4104 1053.9008322954178
4105 146.02582478523254
4106 8.429971933364868
4107 32.96442207694054
4108 9.804255217313766
4109 30.84844210743904
4110 419.1912903189659
4111 51.847534626722336
4112 33.25383159518242
4113 49.95904588699341
4114 96.16930219531059
4115 62.60472559928894
4116 712.2400811165571
4117 2022.7780661582947
4118 8.564090251922607
4119 6.301978141069412
4120 352.2210732996464
4121 10.555783122777939
4122 107.96418470144272
4123 32.715796917676926
4124 8.81504699587822
4125 25.353297859430313
4126 213.71373617649078
4127 273.5521427541971
4128 229.33134266734123
4129 258.0315533876419
4130 28.655559360980988
4131 95.94081118702888
4132 33.73381409049034
4133 114.57937677204609
4134 74.02663093805313
4135 1060.8593129515648
4136 459.3810901939869
4137 157.71504585444927
4138 470.668367177248
4139 165.2529215812683
4140 608.9131337404251
4141 78.34121462702751
4142 192.75259791314602
4143 371.81730860471725
4144 287.0290330648422
4145 135.55278769135475
4146 441.17941492795944
4147 55.45453958213329
4148 401.95802019536495
4149 432.43090599775314
4150 82.70844662189484
4151 247.56457862257957
4152 50.27710582315922
4153 140.3003307580948
4154 134.33740805089474
4155 555.0757402181625
4156 236.016614690423
4157 167.33820198476315
4158 325.6101772338152
4159 48.62295204401016
4160 383.90630999207497
4161 252.3478360772133
4162 62.39510875940323
4163 105.99740709364414
4164 6.869155198335648
4165 6.289522975683212
4166 157.31635197997093
4167 10.10905659198761
4168 9.798132866621017
4169 39.92057418823242
4170 5.91430489718914
4171 36.296625941991806
4172 409.7534945756197
4173 5.942809045314789
4174 230.45694655179977
4175 43.33161626756191
4176 770.3112626075745
4177 1978.0280278474092
4178 7.4449432492256165
4179 398.20352387428284
4180 908.8269957602024
4181 7.1660182774066925
4182 103.81314551830292
4183 10.169002562761307
4184 24.7487785667181
4185 447.49084608256817
4186 131.66778346896172
4187 513.5183000266552
4188 725.3001559078693
4189 693.8809047937393
4190 207.28492438793182
4191 58.46719378232956
4192 12.53246933221817
4193 15.714276626706123
4194 52.611067324876785
4195 842.2077375650406
4196 26.950541019439697
4197 313.80017071962357
4198 5.605350703001022
4199 344.49836853146553
4200 65.78442656993866
4201 86.4651068598032
4202 455.81358440220356
4203 1221.6694331169128
4204 47.41812780499458
4205 281.28483122587204
4206 228.65055438876152
4207 124.37697619199753
4208 15.04691156744957
4209 156.79057635366917
4210 43.28368282318115
4211 15.247698560357094
4212 449.2365126013756
4213 192.81591179966927
4214 58.37545585632324
4215 20.065788507461548
4216 145.3906002342701
